MSG, 2259596 !V IMGLOAD FILL /Tables_PNG/DS13_movie_bar1.png
2259596,   859.5,   502.1,   459.0, 32768.0, ...
2259598,   859.5,   502.8,   459.0, 32768.0, ...
2259600,   859.6,   503.6,   459.0, 32768.0, ...
2259602,   859.7,   504.4,   460.0, 32768.0, ...
2259604,   859.8,   504.6,   460.0, 32768.0, ...
2259606,   860.0,   504.8,   460.0, 32768.0, ...
2259608,   860.0,   505.1,   460.0, 32768.0, ...
2259610,   860.0,   505.3,   459.0, 32768.0, ...
2259612,   860.0,   505.5,   459.0, 32768.0, ...
2259614,   858.9,   505.5,   459.0, 32768.0, ...
2259616,   857.7,   505.5,   459.0, 32768.0, ...
2259618,   856.6,   505.1,   458.0, 32768.0, ...
2259620,   855.4,   504.5,   458.0, 32768.0, ...
2259622,   854.4,   504.0,   457.0, 32768.0, ...
2259624,   853.4,   503.5,   457.0, 32768.0, ...
2259626,   852.4,   503.0,   456.0, 32768.0, ...
2259628,   852.7,   502.6,   456.0, 32768.0, ...
2259630,   853.0,   502.5,   456.0, 32768.0, ...
2259632,   853.3,   502.8,   455.0, 32768.0, ...
2259634,   853.6,   503.1,   455.0, 32768.0, ...
2259636,   853.9,   503.9,   456.0, 32768.0, ...
2259638,   854.3,   504.7,   456.0, 32768.0, ...
2259640,   854.5,   505.5,   456.0, 32768.0, ...
2259642,   854.5,   506.2,   456.0, 32768.0, ...
2259644,   854.6,   506.8,   456.0, 32768.0, ...
2259646,   854.8,   507.4,   456.0, 32768.0, ...
2259648,   855.1,   507.9,   457.0, 32768.0, ...
2259650,   855.4,   508.2,   458.0, 32768.0, ...
2259652,   856.0,   508.0,   458.0, 32768.0, ...
2259654,   856.5,   507.7,   459.0, 32768.0, ...
2259656,   857.0,   507.3,   460.0, 32768.0, ...
2259658,   857.3,   506.9,   460.0, 32768.0, ...
2259660,   857.1,   506.4,   460.0, 32768.0, ...
2259662,   856.9,   505.9,   460.0, 32768.0, ...
2259664,   856.7,   505.3,   460.0, 32768.0, ...
2259666,   856.0,   505.0,   460.0, 32768.0, ...
2259668,   855.3,   504.9,   460.0, 32768.0, ...
2259670,   854.8,   504.6,   460.0, 32768.0, ...
2259672,   854.3,   504.4,   459.0, 32768.0, ...
2259674,   854.3,   504.1,   459.0, 32768.0, ...
2259676,   854.3,   503.8,   459.0, 32768.0, ...
2259678,   854.2,   503.6,   458.0, 32768.0, ...
2259680,   854.3,   503.6,   458.0, 32768.0, ...
2259682,   854.2,   503.5,   457.0, 32768.0, ...
2259684,   853.6,   503.6,   457.0, 32768.0, ...
2259686,   852.9,   503.7,   457.0, 32768.0, ...
2259688,   852.2,   503.8,   457.0, 32768.0, ...
2259690,   851.4,   504.1,   457.0, 32768.0, ...
2259692,   850.9,   504.3,   457.0, 32768.0, ...
2259694,   850.4,   504.3,   457.0, 32768.0, ...
2259696,   849.9,   504.4,   457.0, 32768.0, ...
2259698,   850.0,   504.5,   457.0, 32768.0, ...
2259700,   850.0,   504.8,   457.0, 32768.0, ...
2259702,   849.9,   505.6,   457.0, 32768.0, ...
2259704,   849.9,   506.2,   457.0, 32768.0, ...
2259706,   849.8,   507.2,   457.0, 32768.0, ...
2259708,   849.8,   508.2,   457.0, 32768.0, ...
2259710,   850.1,   509.3,   457.0, 32768.0, ...
2259712,   850.5,   510.2,   458.0, 32768.0, ...
2259714,   850.9,   511.0,   458.0, 32768.0, ...
2259716,   851.3,   511.1,   458.0, 32768.0, ...
2259718,   851.7,   511.2,   459.0, 32768.0, ...
2259720,   852.0,   510.6,   459.0, 32768.0, ...
2259722,   852.4,   510.0,   459.0, 32768.0, ...
2259724,   852.4,   508.8,   459.0, 32768.0, ...
2259726,   852.5,   507.8,   459.0, 32768.0, ...
2259728,   852.7,   506.9,   459.0, 32768.0, ...
2259730,   853.0,   506.1,   459.0, 32768.0, ...
2259732,   853.1,   505.1,   459.0, 32768.0, ...
2259734,   853.3,   504.4,   459.0, 32768.0, ...
2259736,   853.4,   503.8,   459.0, 32768.0, ...
2259738,   853.4,   503.5,   459.0, 32768.0, ...
2259740,   853.3,   503.3,   459.0, 32768.0, ...
2259742,   853.3,   503.1,   458.0, 32768.0, ...
2259744,   853.3,   502.9,   458.0, 32768.0, ...
2259746,   853.2,   502.9,   458.0, 32768.0, ...
2259748,   853.1,   503.2,   458.0, 32768.0, ...
2259750,   853.1,   503.6,   458.0, 32768.0, ...
2259752,   853.2,   504.0,   457.0, 32768.0, ...
2259754,   853.2,   504.7,   458.0, 32768.0, ...
2259756,   853.3,   505.4,   458.0, 32768.0, ...
2259758,   853.3,   506.1,   459.0, 32768.0, ...
2259760,   853.6,   506.5,   459.0, 32768.0, ...
2259762,   853.9,   506.9,   460.0, 32768.0, ...
2259764,   854.3,   507.4,   461.0, 32768.0, ...
2259766,   854.6,   507.8,   461.0, 32768.0, ...
2259768,   855.0,   508.0,   462.0, 32768.0, ...
2259770,   855.3,   508.1,   462.0, 32768.0, ...
2259772,   855.6,   508.5,   462.0, 32768.0, ...
2259774,   855.8,   509.2,   463.0, 32768.0, ...
2259776,   856.1,   509.9,   463.0, 32768.0, ...
2259778,   856.4,   510.7,   463.0, 32768.0, ...
2259780,   856.7,   511.5,   464.0, 32768.0, ...
2259782,   857.1,   512.3,   464.0, 32768.0, ...
2259784,   857.6,   513.0,   465.0, 32768.0, ...
2259786,   858.1,   513.4,   465.0, 32768.0, ...
2259788,   858.7,   513.6,   466.0, 32768.0, ...
2259790,   859.0,   513.6,   466.0, 32768.0, ...
2259792,   859.2,   513.4,   466.0, 32768.0, ...
2259794,   859.5,   513.4,   466.0, 32768.0, ...
2259796,   859.6,   513.4,   466.0, 32768.0, ...
2259798,   859.2,   513.5,   465.0, 32768.0, ...
2259800,   858.7,   513.6,   465.0, 32768.0, ...
2259802,   858.2,   513.7,   464.0, 32768.0, ...
2259804,   857.5,   513.6,   463.0, 32768.0, ...
2259806,   856.7,   513.5,   462.0, 32768.0, ...
2259808,   856.0,   513.1,   462.0, 32768.0, ...
2259810,   855.2,   512.7,   461.0, 32768.0, ...
2259812,   854.8,   512.3,   461.0, 32768.0, ...
2259814,   854.4,   511.8,   461.0, 32768.0, ...
2259816,   854.1,   511.4,   461.0, 32768.0, ...
2259818,   853.9,   511.1,   462.0, 32768.0, ...
2259820,   853.8,   510.9,   462.0, 32768.0, ...
2259822,   853.7,   510.9,   463.0, 32768.0, ...
2259824,   853.8,   511.0,   463.0, 32768.0, ...
2259826,   853.7,   511.1,   464.0, 32768.0, ...
2259828,   853.3,   511.0,   464.0, 32768.0, ...
2259830,   852.8,   511.0,   465.0, 32768.0, ...
2259832,   852.3,   511.2,   465.0, 32768.0, ...
2259834,   851.8,   511.2,   465.0, 32768.0, ...
2259836,   851.3,   511.2,   465.0, 32768.0, ...
2259838,   850.9,   511.2,   465.0, 32768.0, ...
2259840,   850.6,   511.3,   465.0, 32768.0, ...
2259842,   850.6,   511.2,   465.0, 32768.0, ...
2259844,   850.8,   511.2,   464.0, 32768.0, ...
2259846,   851.4,   511.4,   465.0, 32768.0, ...
2259848,   851.9,   511.9,   465.0, 32768.0, ...
2259850,   852.5,   512.4,   465.0, 32768.0, ...
2259852,   853.0,   512.8,   465.0, 32768.0, ...
2259854,   853.8,   513.1,   466.0, 32768.0, ...
2259856,   854.5,   513.4,   467.0, 32768.0, ...
2259858,   855.1,   513.7,   468.0, 32768.0, ...
2259860,   855.3,   513.7,   468.0, 32768.0, ...
2259862,   855.5,   513.5,   469.0, 32768.0, ...
2259864,   855.7,   513.2,   470.0, 32768.0, ...
2259866,   855.9,   512.9,   470.0, 32768.0, ...
2259868,   855.9,   512.6,   471.0, 32768.0, ...
2259870,   855.9,   512.2,   471.0, 32768.0, ...
2259872,   855.9,   511.9,   471.0, 32768.0, ...
2259874,   855.8,   511.7,   471.0, 32768.0, ...
2259876,   855.8,   511.5,   471.0, 32768.0, ...
2259878,   855.8,   511.3,   470.0, 32768.0, ...
2259880,   856.7,   511.4,   470.0, 32768.0, ...
2259882,   857.5,   511.7,   470.0, 32768.0, ...
2259884,   858.4,   512.1,   470.0, 32768.0, ...
2259886,   859.2,   512.4,   470.0, 32768.0, ...
2259888,   859.7,   512.6,   470.0, 32768.0, ...
2259890,   860.1,   512.8,   470.0, 32768.0, ...
2259892,   860.5,   513.2,   470.0, 32768.0, ...
2259894,   859.9,   513.7,   470.0, 32768.0, ...
2259896,   859.3,   514.3,   471.0, 32768.0, ...
2259898,   858.7,   514.8,   471.0, 32768.0, ...
2259900,   858.2,   515.2,   472.0, 32768.0, ...
2259902,   857.9,   515.4,   472.0, 32768.0, ...
2259904,   857.6,   515.3,   472.0, 32768.0, ...
2259906,   857.1,   515.1,   472.0, 32768.0, ...
2259908,   856.7,   514.5,   471.0, 32768.0, ...
2259910,   856.3,   513.9,   471.0, 32768.0, ...
2259912,   855.9,   513.2,   471.0, 32768.0, ...
2259914,   855.5,   512.7,   470.0, 32768.0, ...
2259916,   854.8,   512.3,   470.0, 32768.0, ...
2259918,   854.3,   512.1,   470.0, 32768.0, ...
2259920,   854.0,   512.0,   469.0, 32768.0, ...
2259922,   853.7,   511.7,   469.0, 32768.0, ...
2259924,   853.6,   511.3,   469.0, 32768.0, ...
2259926,   853.4,   510.7,   469.0, 32768.0, ...
2259928,   853.4,   509.9,   469.0, 32768.0, ...
2259930,   853.4,   509.2,   469.0, 32768.0, ...
2259932,   853.4,   508.3,   469.0, 32768.0, ...
2259934,   853.0,   507.2,   469.0, 32768.0, ...
2259936,   852.5,   506.4,   469.0, 32768.0, ...
2259938,   852.0,   505.5,   468.0, 32768.0, ...
2259940,   851.6,   505.0,   468.0, 32768.0, ...
2259942,   851.0,   504.6,   467.0, 32768.0, ...
2259944,   850.6,   504.6,   467.0, 32768.0, ...
2259946,   850.1,   504.8,   467.0, 32768.0, ...
2259948,   850.1,   505.1,   467.0, 32768.0, ...
2259950,   850.0,   505.3,   468.0, 32768.0, ...
2259952,   850.0,   505.7,   468.0, 32768.0, ...
2259954,   849.9,   506.1,   467.0, 32768.0, ...
2259956,   849.7,   506.4,   467.0, 32768.0, ...
2259958,   849.6,   506.4,   466.0, 32768.0, ...
2259960,   849.6,   506.3,   465.0, 32768.0, ...
2259962,   849.6,   506.3,   465.0, 32768.0, ...
2259964,   849.8,   506.2,   465.0, 32768.0, ...
2259966,   849.9,   505.9,   464.0, 32768.0, ...
2259968,   849.9,   505.4,   464.0, 32768.0, ...
2259970,   850.0,   505.2,   464.0, 32768.0, ...
2259972,   850.1,   505.2,   464.0, 32768.0, ...
2259974,   850.2,   505.4,   464.0, 32768.0, ...
2259976,   850.2,   505.7,   464.0, 32768.0, ...
2259978,   850.3,   506.7,   464.0, 32768.0, ...
2259980,   850.3,   508.0,   464.0, 32768.0, ...
2259982,   850.4,   509.6,   464.0, 32768.0, ...
2259984,   850.5,   510.7,   464.0, 32768.0, ...
2259986,   850.5,   511.4,   464.0, 32768.0, ...
EFIX L   2259360, 2259986, 628,   855.8,   506.6,     454
SSACC L  2259988
2259988,   850.5,   511.7,   464.0, 32768.0, ...
2259990,   850.6,   511.2,   464.0, 32768.0, ...
2259992,   850.6,   508.5,   464.0, 32768.0, ...
2259994,   850.9,   501.6,   464.0, 32768.0, ...
2259996,   851.4,   491.2,   464.0, 32768.0, ...
2259998,   853.8,   479.8,   463.0, 32768.0, ...
2260000,   856.6,   464.4,   463.0, 32768.0, ...
2260002,   860.6,   446.9,   463.0, 32768.0, ...
2260004,   865.3,   426.4,   463.0, 32768.0, ...
2260006,   871.4,   406.1,   462.0, 32768.0, ...
2260008,   877.4,   385.5,   461.0, 32768.0, ...
2260010,   883.5,   368.4,   459.0, 32768.0, ...
2260012,   888.5,   349.9,   457.0, 32768.0, ...
2260014,   893.2,   334.5,   455.0, 32768.0, ...
2260016,   897.0,   319.1,   453.0, 32768.0, ...
2260018,   900.8,   306.4,   451.0, 32768.0, ...
2260020,   903.1,   293.4,   451.0, 32768.0, ...
2260022,   905.0,   284.7,   451.0, 32768.0, ...
2260024,   906.8,   275.9,   452.0, 32768.0, ...
2260026,   908.3,   270.1,   452.0, 32768.0, ...
2260028,   909.6,   265.8,   453.0, 32768.0, ...
2260030,   910.8,   263.9,   454.0, 32768.0, ...
ESACC L  2259988, 2260030, 44,   850.5,   511.7,   910.8,   263.9,    4.86,     195
SFIX L   2260032
2260032,   911.3,   262.8,   455.0, 32768.0, ...
2260034,   911.8,   263.1,   455.0, 32768.0, ...
2260036,   912.2,   263.3,   455.0, 32768.0, ...
2260038,   912.4,   263.2,   456.0, 32768.0, ...
2260040,   912.1,   262.6,   456.0, 32768.0, ...
2260042,   911.8,   261.6,   457.0, 32768.0, ...
2260044,   911.6,   261.1,   457.0, 32768.0, ...
2260046,   911.2,   260.4,   458.0, 32768.0, ...
2260048,   911.0,   260.3,   458.0, 32768.0, ...
2260050,   910.7,   260.1,   459.0, 32768.0, ...
2260052,   910.7,   260.4,   459.0, 32768.0, ...
2260054,   910.5,   260.4,   459.0, 32768.0, ...
2260056,   910.2,   260.5,   459.0, 32768.0, ...
2260058,   909.7,   260.5,   459.0, 32768.0, ...
2260060,   909.1,   260.7,   460.0, 32768.0, ...
2260062,   908.4,   261.1,   460.0, 32768.0, ...
EFIX L   2260032, 2260062, 32,   910.9,   261.4,     458
SSACC L  2260064
2260064,   907.5,   261.1,   461.0, 32768.0, ...
2260066,   906.3,   260.8,   462.0, 32768.0, ...
2260068,   904.0,   261.4,   463.0, 32768.0, ...
2260070,   901.8,   265.0,   462.0, 32768.0, ...
2260072,   899.4,   281.0,   457.0, 32768.0, ...
2260074,   895.1,   316.7,   448.0, 32768.0, ...
2260076,   889.0,   365.7,   413.0, 32768.0, ...
2260078,   845.5,   437.1,   360.0, 32768.0, ...
2260080,   801.7,   509.8,   307.0, 32768.0, ...
2260082,   759.0,   583.7,   255.0, 32768.0, ...
2260084,   556.4,   278.4,   252.0, 32768.0, ...
2260086,   367.6,   -42.3,   254.0, 32768.0, ...
2260088,   182.7,   360.5,   260.0, 32768.0, ...
2260090,   142.1,   799.0,   292.0, 32768.0, ...
2260092,   181.0,  1241.6,   342.0, 32768.0, ...
2260094,   227.5,  1710.3,   391.0, 32768.0, ...
2260096,   174.1,  1885.8,   440.0, 32768.0, ...
SBLINK L 2260098
2260098,    .,    .,     0.0, 32768.0, ...
2260100,    .,    .,     0.0, 32768.0, ...
2260102,    .,    .,     0.0, 32768.0, ...
2260104,    .,    .,     0.0, 32768.0, ...
2260106,    .,    .,     0.0, 32768.0, ...
2260108,    .,    .,     0.0, 32768.0, ...
2260110,    .,    .,     0.0, 32768.0, ...
2260112,    .,    .,     0.0, 32768.0, ...
2260114,    .,    .,     0.0, 32768.0, ...
2260116,    .,    .,     0.0, 32768.0, ...
2260118,    .,    .,     0.0, 32768.0, ...
2260120,    .,    .,     0.0, 32768.0, ...
2260122,    .,    .,     0.0, 32768.0, ...
2260124,    .,    .,     0.0, 32768.0, ...
2260126,    .,    .,     0.0, 32768.0, ...
2260128,    .,    .,     0.0, 32768.0, ...
2260130,    .,    .,     0.0, 32768.0, ...
2260132,    .,    .,     0.0, 32768.0, ...
2260134,    .,    .,     0.0, 32768.0, ...
2260136,    .,    .,     0.0, 32768.0, ...
2260138,    .,    .,     0.0, 32768.0, ...
2260140,    .,    .,     0.0, 32768.0, ...
2260142,    .,    .,     0.0, 32768.0, ...
2260144,    .,    .,     0.0, 32768.0, ...
2260146,    .,    .,     0.0, 32768.0, ...
2260148,    .,    .,     0.0, 32768.0, ...
2260150,    .,    .,     0.0, 32768.0, ...
2260152,    .,    .,     0.0, 32768.0, ...
2260154,    .,    .,     0.0, 32768.0, ...
2260156,    .,    .,     0.0, 32768.0, ...
2260158,    .,    .,     0.0, 32768.0, ...
2260160,    .,    .,     0.0, 32768.0, ...
2260162,    .,    .,     0.0, 32768.0, ...
2260164,    .,    .,     0.0, 32768.0, ...
2260166,    .,    .,     0.0, 32768.0, ...
2260168,    .,    .,     0.0, 32768.0, ...
2260170,    .,    .,     0.0, 32768.0, ...
2260172,    .,    .,     0.0, 32768.0, ...
2260174,    .,    .,     0.0, 32768.0, ...
2260176,    .,    .,     0.0, 32768.0, ...
2260178,    .,    .,     0.0, 32768.0, ...
2260180,    .,    .,     0.0, 32768.0, ...
2260182,    .,    .,     0.0, 32768.0, ...
2260184,    .,    .,     0.0, 32768.0, ...
2260186,    .,    .,     0.0, 32768.0, ...
EBLINK L 2260098, 2260186, 90
2260188, -1041.8,  1652.4,   128.0, 32768.0, ...
2260190,  -766.6,  1434.2,   124.0, 32768.0, ...
2260192,  -467.6,  1233.3,   125.0, 32768.0, ...
2260194,  -152.6,  1060.2,   133.0, 32768.0, ...
2260196,   193.7,   897.6,   153.0, 32768.0, ...
2260198,   550.3,   744.8,   178.0, 32768.0, ...
2260200,   917.3,   582.1,   208.0, 32768.0, ...
2260202,   925.9,   529.8,   241.0, 32768.0, ...
2260204,   934.7,   473.0,   276.0, 32768.0, ...
2260206,   943.8,   411.4,   314.0, 32768.0, ...
2260208,   948.6,   351.3,   351.0, 32768.0, ...
2260210,   951.2,   300.5,   380.0, 32768.0, ...
2260212,   952.7,   247.7,   406.0, 32768.0, ...
2260214,   953.8,   213.1,   427.0, 32768.0, ...
2260216,   954.7,   183.4,   446.0, 32768.0, ...
2260218,   955.4,   158.9,   463.0, 32768.0, ...
2260220,   955.7,   146.5,   472.0, 32768.0, ...
2260222,   955.8,   139.0,   476.0, 32768.0, ...
2260224,   956.0,   133.1,   479.0, 32768.0, ...
2260226,   956.1,   130.0,   481.0, 32768.0, ...
2260228,   956.1,   128.3,   481.0, 32768.0, ...
2260230,   956.1,   131.2,   477.0, 32768.0, ...
2260232,   956.1,   133.9,   473.0, 32768.0, ...
ESACC L  2260064, 2260232, 170,   907.5,   261.1,   956.1,   133.9,    2.58,    3253
SFIX L   2260234
2260234,   956.4,   138.2,   469.0, 32768.0, ...
2260236,   956.7,   141.5,   465.0, 32768.0, ...
2260238,   956.9,   144.8,   460.0, 32768.0, ...
2260240,   957.1,   147.6,   457.0, 32768.0, ...
2260242,   957.3,   151.3,   452.0, 32768.0, ...
2260244,   957.5,   154.1,   448.0, 32768.0, ...
2260246,   957.6,   157.3,   443.0, 32768.0, ...
2260248,   957.7,   158.8,   441.0, 32768.0, ...
2260250,   957.7,   159.9,   438.0, 32768.0, ...
2260252,   957.7,   161.0,   437.0, 32768.0, ...
2260254,   957.7,   162.3,   435.0, 32768.0, ...
2260256,   957.8,   163.0,   435.0, 32768.0, ...
2260258,   957.8,   164.3,   435.0, 32768.0, ...
2260260,   957.8,   165.6,   435.0, 32768.0, ...
2260262,   957.6,   166.4,   435.0, 32768.0, ...
2260264,   957.4,   167.6,   435.0, 32768.0, ...
2260266,   957.2,   168.5,   436.0, 32768.0, ...
2260268,   956.7,   169.0,   436.0, 32768.0, ...
2260270,   956.2,   169.2,   436.0, 32768.0, ...
2260272,   955.8,   168.4,   436.0, 32768.0, ...
2260274,   955.4,   167.5,   436.0, 32768.0, ...
2260276,   955.1,   166.7,   437.0, 32768.0, ...
2260278,   954.8,   165.4,   437.0, 32768.0, ...
2260280,   954.6,   164.2,   437.0, 32768.0, ...
2260282,   954.5,   163.1,   437.0, 32768.0, ...
2260284,   954.5,   162.1,   438.0, 32768.0, ...
2260286,   954.4,   161.7,   438.0, 32768.0, ...
2260288,   954.2,   161.7,   438.0, 32768.0, ...
2260290,   954.1,   162.5,   438.0, 32768.0, ...
2260292,   953.9,   163.8,   438.0, 32768.0, ...
2260294,   953.7,   164.9,   438.0, 32768.0, ...
2260296,   953.1,   166.0,   439.0, 32768.0, ...
2260298,   952.6,   167.0,   439.0, 32768.0, ...
2260300,   952.0,   167.6,   439.0, 32768.0, ...
2260302,   951.4,   167.6,   439.0, 32768.0, ...
2260304,   950.9,   167.3,   441.0, 32768.0, ...
2260306,   950.4,   166.8,   443.0, 32768.0, ...
2260308,   950.0,   166.6,   445.0, 32768.0, ...
2260310,   950.2,   166.7,   447.0, 32768.0, ...
2260312,   950.3,   166.8,   449.0, 32768.0, ...
2260314,   950.5,   166.8,   451.0, 32768.0, ...
2260316,   950.6,   167.0,   454.0, 32768.0, ...
2260318,   950.6,   167.2,   455.0, 32768.0, ...
2260320,   950.7,   167.1,   455.0, 32768.0, ...
2260322,   950.6,   166.8,   456.0, 32768.0, ...
2260324,   950.6,   166.6,   456.0, 32768.0, ...
2260326,   950.6,   166.6,   457.0, 32768.0, ...
2260328,   950.5,   166.8,   457.0, 32768.0, ...
2260330,   950.5,   166.9,   456.0, 32768.0, ...
2260332,   950.4,   167.2,   456.0, 32768.0, ...
2260334,   950.2,   167.7,   456.0, 32768.0, ...
2260336,   949.9,   168.3,   456.0, 32768.0, ...
2260338,   949.7,   168.8,   456.0, 32768.0, ...
2260340,   949.6,   169.2,   456.0, 32768.0, ...
2260342,   950.0,   169.4,   456.0, 32768.0, ...
2260344,   950.4,   169.6,   456.0, 32768.0, ...
2260346,   950.8,   169.8,   456.0, 32768.0, ...
2260348,   951.3,   170.0,   456.0, 32768.0, ...
2260350,   951.8,   170.3,   456.0, 32768.0, ...
2260352,   952.1,   170.5,   456.0, 32768.0, ...
2260354,   952.3,   170.6,   457.0, 32768.0, ...
2260356,   951.9,   170.8,   457.0, 32768.0, ...
2260358,   951.6,   171.1,   457.0, 32768.0, ...
2260360,   951.3,   171.4,   457.0, 32768.0, ...
2260362,   951.2,   171.6,   458.0, 32768.0, ...
2260364,   951.1,   171.7,   458.0, 32768.0, ...
2260366,   951.2,   171.7,   458.0, 32768.0, ...
2260368,   951.4,   171.7,   458.0, 32768.0, ...
2260370,   951.6,   171.4,   458.0, 32768.0, ...
2260372,   952.0,   171.4,   459.0, 32768.0, ...
2260374,   952.2,   171.3,   458.0, 32768.0, ...
2260376,   952.4,   171.0,   458.0, 32768.0, ...
2260378,   952.5,   171.8,   458.0, 32768.0, ...
EFIX L   2260234, 2260378, 146,   953.3,   165.4,     448
SSACC L  2260380
2260380,   952.4,   172.4,   458.0, 32768.0, ...
2260382,   950.9,   172.9,   458.0, 32768.0, ...
2260384,   946.0,   173.4,   458.0, 32768.0, ...
2260386,   937.0,   174.0,   458.0, 32768.0, ...
2260388,   925.0,   174.1,   458.0, 32768.0, ...
2260390,   910.5,   172.9,   458.0, 32768.0, ...
2260392,   894.0,   170.8,   458.0, 32768.0, ...
2260394,   876.9,   168.6,   457.0, 32768.0, ...
2260396,   860.5,   166.3,   457.0, 32768.0, ...
2260398,   847.3,   164.2,   457.0, 32768.0, ...
2260400,   838.1,   162.6,   457.0, 32768.0, ...
2260402,   832.0,   160.9,   457.0, 32768.0, ...
2260404,   828.8,   159.8,   457.0, 32768.0, ...
2260406,   827.8,   158.9,   457.0, 32768.0, ...
2260408,   827.9,   158.7,   458.0, 32768.0, ...
ESACC L  2260380, 2260408, 30,   952.4,   172.4,   827.9,   158.7,    2.36,     152
SFIX L   2260410
2260410,   828.4,   158.6,   458.0, 32768.0, ...
2260412,   828.9,   158.6,   458.0, 32768.0, ...
2260414,   829.3,   158.5,   458.0, 32768.0, ...
2260416,   829.5,   158.5,   458.0, 32768.0, ...
2260418,   829.4,   158.1,   458.0, 32768.0, ...
2260420,   828.6,   157.6,   458.0, 32768.0, ...
2260422,   827.5,   156.5,   458.0, 32768.0, ...
2260424,   826.5,   155.5,   458.0, 32768.0, ...
2260426,   825.4,   154.4,   458.0, 32768.0, ...
2260428,   824.3,   153.0,   458.0, 32768.0, ...
2260430,   823.4,   152.0,   457.0, 32768.0, ...
2260432,   822.7,   151.2,   457.0, 32768.0, ...
2260434,   822.4,   150.5,   457.0, 32768.0, ...
2260436,   822.2,   150.3,   457.0, 32768.0, ...
2260438,   822.0,   150.0,   457.0, 32768.0, ...
2260440,   821.8,   149.7,   457.0, 32768.0, ...
2260442,   821.6,   149.5,   457.0, 32768.0, ...
2260444,   821.4,   149.4,   457.0, 32768.0, ...
2260446,   821.3,   149.4,   457.0, 32768.0, ...
2260448,   821.3,   149.3,   457.0, 32768.0, ...
2260450,   821.3,   149.2,   457.0, 32768.0, ...
2260452,   821.5,   149.3,   456.0, 32768.0, ...
2260454,   821.7,   149.6,   456.0, 32768.0, ...
2260456,   822.1,   150.0,   456.0, 32768.0, ...
2260458,   822.2,   149.8,   456.0, 32768.0, ...
2260460,   822.5,   149.8,   456.0, 32768.0, ...
2260462,   822.6,   149.3,   455.0, 32768.0, ...
2260464,   822.6,   148.8,   455.0, 32768.0, ...
2260466,   822.2,   147.8,   455.0, 32768.0, ...
2260468,   821.8,   146.7,   454.0, 32768.0, ...
2260470,   821.5,   146.0,   454.0, 32768.0, ...
2260472,   821.2,   145.3,   454.0, 32768.0, ...
2260474,   821.1,   145.5,   453.0, 32768.0, ...
2260476,   821.0,   146.0,   453.0, 32768.0, ...
2260478,   821.0,   146.8,   453.0, 32768.0, ...
2260480,   821.4,   148.2,   453.0, 32768.0, ...
2260482,   821.6,   149.5,   453.0, 32768.0, ...
2260484,   821.9,   150.6,   453.0, 32768.0, ...
2260486,   822.0,   151.4,   452.0, 32768.0, ...
2260488,   822.0,   151.7,   452.0, 32768.0, ...
2260490,   822.1,   151.9,   452.0, 32768.0, ...
2260492,   822.2,   152.1,   452.0, 32768.0, ...
2260494,   822.4,   152.3,   452.0, 32768.0, ...
2260496,   822.6,   152.5,   452.0, 32768.0, ...
2260498,   822.9,   152.6,   452.0, 32768.0, ...
2260500,   822.5,   152.8,   452.0, 32768.0, ...
2260502,   822.1,   152.8,   452.0, 32768.0, ...
2260504,   821.6,   152.7,   452.0, 32768.0, ...
2260506,   821.2,   152.6,   452.0, 32768.0, ...
2260508,   820.6,   152.0,   453.0, 32768.0, ...
2260510,   820.0,   151.4,   453.0, 32768.0, ...
2260512,   819.0,   150.6,   453.0, 32768.0, ...
2260514,   818.5,   150.0,   453.0, 32768.0, ...
2260516,   818.0,   149.3,   454.0, 32768.0, ...
2260518,   817.6,   148.7,   454.0, 32768.0, ...
2260520,   817.2,   148.2,   454.0, 32768.0, ...
2260522,   816.8,   148.1,   454.0, 32768.0, ...
2260524,   816.6,   147.8,   454.0, 32768.0, ...
2260526,   816.7,   147.8,   454.0, 32768.0, ...
2260528,   817.4,   148.1,   453.0, 32768.0, ...
2260530,   818.0,   148.5,   453.0, 32768.0, ...
2260532,   818.5,   148.9,   452.0, 32768.0, ...
2260534,   819.0,   149.7,   451.0, 32768.0, ...
2260536,   819.4,   150.5,   451.0, 32768.0, ...
2260538,   819.4,   151.2,   451.0, 32768.0, ...
2260540,   819.5,   151.8,   451.0, 32768.0, ...
2260542,   819.0,   152.3,   452.0, 32768.0, ...
2260544,   818.5,   152.6,   453.0, 32768.0, ...
2260546,   818.0,   152.9,   453.0, 32768.0, ...
2260548,   817.5,   152.7,   454.0, 32768.0, ...
2260550,   817.2,   152.4,   455.0, 32768.0, ...
2260552,   817.1,   152.2,   455.0, 32768.0, ...
2260554,   816.9,   152.0,   454.0, 32768.0, ...
2260556,   816.8,   151.9,   454.0, 32768.0, ...
2260558,   816.7,   151.8,   453.0, 32768.0, ...
EFIX L   2260410, 2260558, 150,   821.4,   151.0,     454
SSACC L  2260560
2260560,   815.6,   151.6,   453.0, 32768.0, ...
2260562,   812.3,   151.3,   452.0, 32768.0, ...
2260564,   806.9,   151.0,   452.0, 32768.0, ...
2260566,   797.6,   150.3,   453.0, 32768.0, ...
2260568,   784.5,   149.3,   455.0, 32768.0, ...
2260570,   767.2,   149.5,   456.0, 32768.0, ...
2260572,   746.6,   149.3,   457.0, 32768.0, ...
2260574,   725.0,   149.6,   459.0, 32768.0, ...
2260576,   702.5,   149.9,   460.0, 32768.0, ...
2260578,   681.0,   151.5,   461.0, 32768.0, ...
2260580,   660.6,   154.9,   462.0, 32768.0, ...
2260582,   640.5,   159.4,   462.0, 32768.0, ...
2260584,   619.4,   163.5,   462.0, 32768.0, ...
2260586,   598.1,   167.6,   462.0, 32768.0, ...
2260588,   576.1,   170.8,   461.0, 32768.0, ...
2260590,   556.8,   174.0,   461.0, 32768.0, ...
2260592,   538.7,   175.5,   461.0, 32768.0, ...
2260594,   523.7,   175.6,   460.0, 32768.0, ...
2260596,   513.2,   174.9,   460.0, 32768.0, ...
2260598,   508.4,   173.4,   460.0, 32768.0, ...
2260600,   507.2,   171.7,   460.0, 32768.0, ...
2260602,   508.5,   170.3,   460.0, 32768.0, ...
2260604,   510.0,   169.3,   460.0, 32768.0, ...
2260606,   511.4,   168.9,   461.0, 32768.0, ...
ESACC L  2260560, 2260606, 48,   815.6,   151.6,   511.4,   168.9,    5.69,     201
SFIX L   2260608
2260608,   512.3,   169.2,   461.0, 32768.0, ...
2260610,   512.3,   169.6,   462.0, 32768.0, ...
2260612,   511.7,   170.0,   462.0, 32768.0, ...
2260614,   511.0,   171.1,   462.0, 32768.0, ...
2260616,   510.3,   172.0,   461.0, 32768.0, ...
2260618,   509.7,   172.3,   461.0, 32768.0, ...
2260620,   509.2,   172.5,   460.0, 32768.0, ...
2260622,   508.9,   172.1,   460.0, 32768.0, ...
2260624,   508.6,   171.7,   459.0, 32768.0, ...
2260626,   508.5,   171.2,   459.0, 32768.0, ...
2260628,   507.7,   170.6,   458.0, 32768.0, ...
2260630,   507.0,   170.1,   458.0, 32768.0, ...
2260632,   506.2,   169.7,   458.0, 32768.0, ...
2260634,   505.9,   169.4,   457.0, 32768.0, ...
2260636,   505.7,   169.2,   457.0, 32768.0, ...
2260638,   505.4,   169.1,   456.0, 32768.0, ...
2260640,   505.3,   169.3,   456.0, 32768.0, ...
2260642,   505.8,   170.1,   456.0, 32768.0, ...
2260644,   506.3,   170.9,   456.0, 32768.0, ...
2260646,   506.9,   171.9,   455.0, 32768.0, ...
2260648,   507.0,   173.0,   455.0, 32768.0, ...
2260650,   507.1,   174.0,   454.0, 32768.0, ...
2260652,   507.0,   174.9,   454.0, 32768.0, ...
2260654,   506.9,   175.4,   453.0, 32768.0, ...
2260656,   506.7,   175.7,   452.0, 32768.0, ...
2260658,   506.0,   175.8,   452.0, 32768.0, ...
2260660,   505.3,   176.0,   452.0, 32768.0, ...
2260662,   504.6,   176.3,   451.0, 32768.0, ...
2260664,   503.9,   176.6,   451.0, 32768.0, ...
2260666,   503.2,   176.9,   451.0, 32768.0, ...
2260668,   502.6,   177.2,   451.0, 32768.0, ...
2260670,   502.0,   177.3,   450.0, 32768.0, ...
2260672,   501.9,   177.4,   450.0, 32768.0, ...
2260674,   501.8,   177.3,   449.0, 32768.0, ...
2260676,   501.7,   177.0,   449.0, 32768.0, ...
2260678,   501.5,   176.8,   448.0, 32768.0, ...
2260680,   501.4,   176.4,   447.0, 32768.0, ...
2260682,   501.3,   176.2,   447.0, 32768.0, ...
2260684,   500.1,   176.0,   447.0, 32768.0, ...
2260686,   498.9,   176.2,   447.0, 32768.0, ...
2260688,   497.8,   176.5,   447.0, 32768.0, ...
2260690,   496.6,   176.8,   446.0, 32768.0, ...
2260692,   495.4,   177.0,   446.0, 32768.0, ...
2260694,   494.2,   177.1,   446.0, 32768.0, ...
2260696,   493.1,   177.1,   446.0, 32768.0, ...
2260698,   492.8,   177.2,   446.0, 32768.0, ...
2260700,   492.4,   177.0,   446.0, 32768.0, ...
2260702,   491.9,   176.9,   446.0, 32768.0, ...
2260704,   490.6,   176.7,   446.0, 32768.0, ...
2260706,   489.3,   176.8,   446.0, 32768.0, ...
2260708,   487.9,   176.9,   445.0, 32768.0, ...
2260710,   486.6,   177.1,   445.0, 32768.0, ...
2260712,   485.4,   177.2,   444.0, 32768.0, ...
2260714,   484.3,   177.4,   443.0, 32768.0, ...
2260716,   483.1,   177.7,   442.0, 32768.0, ...
2260718,   482.6,   177.9,   442.0, 32768.0, ...
2260720,   482.2,   178.0,   442.0, 32768.0, ...
2260722,   481.8,   177.9,   442.0, 32768.0, ...
2260724,   481.3,   177.8,   442.0, 32768.0, ...
2260726,   480.5,   177.8,   442.0, 32768.0, ...
2260728,   479.7,   177.8,   442.0, 32768.0, ...
2260730,   479.3,   177.9,   442.0, 32768.0, ...
2260732,   478.8,   178.0,   442.0, 32768.0, ...
2260734,   478.4,   178.0,   441.0, 32768.0, ...
2260736,   478.0,   178.2,   441.0, 32768.0, ...
2260738,   477.5,   178.4,   442.0, 32768.0, ...
2260740,   477.5,   178.6,   442.0, 32768.0, ...
2260742,   477.5,   178.6,   442.0, 32768.0, ...
2260744,   477.5,   178.5,   441.0, 32768.0, ...
2260746,   477.5,   178.0,   441.0, 32768.0, ...
2260748,   477.1,   177.6,   441.0, 32768.0, ...
2260750,   476.4,   175.6,   441.0, 32768.0, ...
2260752,   475.1,   173.0,   440.0, 32768.0, ...
2260754,   472.7,   170.3,   440.0, 32768.0, ...
2260756,   468.2,   167.4,   439.0, 32768.0, ...
2260758,   463.8,   164.6,   439.0, 32768.0, ...
2260760,   459.4,   162.0,   438.0, 32768.0, ...
2260762,   455.5,   159.4,   438.0, 32768.0, ...
2260764,   452.1,   158.3,   437.0, 32768.0, ...
2260766,   449.4,   157.7,   437.0, 32768.0, ...
2260768,   447.9,   157.3,   437.0, 32768.0, ...
2260770,   448.5,   157.1,   436.0, 32768.0, ...
2260772,   449.1,   156.9,   435.0, 32768.0, ...
2260774,   449.7,   156.7,   435.0, 32768.0, ...
2260776,   450.5,   156.8,   434.0, 32768.0, ...
2260778,   451.2,   156.9,   434.0, 32768.0, ...
2260780,   451.8,   157.1,   434.0, 32768.0, ...
2260782,   452.3,   157.5,   433.0, 32768.0, ...
2260784,   452.1,   157.8,   434.0, 32768.0, ...
2260786,   451.8,   158.1,   434.0, 32768.0, ...
2260788,   451.4,   158.3,   434.0, 32768.0, ...
2260790,   450.8,   158.5,   435.0, 32768.0, ...
2260792,   450.1,   158.6,   435.0, 32768.0, ...
2260794,   449.4,   158.6,   435.0, 32768.0, ...
2260796,   448.7,   158.3,   435.0, 32768.0, ...
2260798,   448.5,   158.1,   435.0, 32768.0, ...
2260800,   448.4,   158.0,   435.0, 32768.0, ...
2260802,   448.4,   158.0,   434.0, 32768.0, ...
2260804,   448.4,   158.1,   434.0, 32768.0, ...
2260806,   448.5,   158.2,   434.0, 32768.0, ...
2260808,   448.6,   158.1,   434.0, 32768.0, ...
2260810,   448.7,   157.9,   433.0, 32768.0, ...
2260812,   448.4,   157.7,   433.0, 32768.0, ...
2260814,   448.1,   157.4,   433.0, 32768.0, ...
2260816,   447.9,   157.0,   433.0, 32768.0, ...
2260818,   447.8,   156.7,   433.0, 32768.0, ...
2260820,   447.6,   156.5,   433.0, 32768.0, ...
2260822,   447.5,   156.5,   433.0, 32768.0, ...
2260824,   446.9,   156.5,   433.0, 32768.0, ...
2260826,   446.7,   156.6,   433.0, 32768.0, ...
2260828,   446.5,   156.7,   433.0, 32768.0, ...
2260830,   446.2,   156.8,   433.0, 32768.0, ...
2260832,   445.8,   156.8,   433.0, 32768.0, ...
2260834,   445.5,   156.6,   433.0, 32768.0, ...
2260836,   445.4,   156.5,   433.0, 32768.0, ...
2260838,   445.8,   156.4,   432.0, 32768.0, ...
2260840,   446.1,   156.3,   432.0, 32768.0, ...
2260842,   446.5,   156.3,   432.0, 32768.0, ...
2260844,   446.9,   156.4,   432.0, 32768.0, ...
2260846,   447.2,   156.7,   432.0, 32768.0, ...
2260848,   447.4,   157.1,   432.0, 32768.0, ...
2260850,   447.5,   157.4,   432.0, 32768.0, ...
2260852,   447.5,   157.8,   432.0, 32768.0, ...
2260854,   447.6,   158.2,   432.0, 32768.0, ...
2260856,   447.6,   158.5,   432.0, 32768.0, ...
2260858,   447.6,   158.7,   433.0, 32768.0, ...
2260860,   447.7,   158.6,   433.0, 32768.0, ...
2260862,   447.9,   158.6,   433.0, 32768.0, ...
2260864,   448.0,   158.6,   433.0, 32768.0, ...
2260866,   448.1,   158.5,   433.0, 32768.0, ...
2260868,   448.0,   158.3,   433.0, 32768.0, ...
2260870,   447.9,   158.1,   432.0, 32768.0, ...
2260872,   447.8,   158.0,   432.0, 32768.0, ...
2260874,   447.7,   157.6,   432.0, 32768.0, ...
2260876,   447.4,   157.1,   432.0, 32768.0, ...
2260878,   447.1,   156.6,   432.0, 32768.0, ...
2260880,   446.9,   156.2,   432.0, 32768.0, ...
2260882,   446.8,   156.1,   433.0, 32768.0, ...
2260884,   446.8,   156.0,   433.0, 32768.0, ...
2260886,   446.7,   155.9,   433.0, 32768.0, ...
2260888,   446.7,   156.2,   434.0, 32768.0, ...
2260890,   446.7,   156.9,   434.0, 32768.0, ...
2260892,   446.8,   157.5,   434.0, 32768.0, ...
2260894,   446.8,   158.1,   434.0, 32768.0, ...
2260896,   446.7,   158.5,   434.0, 32768.0, ...
2260898,   446.6,   158.7,   434.0, 32768.0, ...
2260900,   446.5,   158.9,   434.0, 32768.0, ...
2260902,   446.2,   159.1,   434.0, 32768.0, ...
2260904,   445.9,   159.0,   434.0, 32768.0, ...
2260906,   445.7,   158.8,   434.0, 32768.0, ...
2260908,   445.5,   158.5,   434.0, 32768.0, ...
2260910,   445.5,   158.4,   434.0, 32768.0, ...
2260912,   445.5,   158.3,   434.0, 32768.0, ...
2260914,   445.6,   158.4,   434.0, 32768.0, ...
2260916,   445.8,   158.6,   434.0, 32768.0, ...
2260918,   446.0,   158.8,   434.0, 32768.0, ...
2260920,   446.2,   159.1,   434.0, 32768.0, ...
2260922,   446.3,   159.4,   434.0, 32768.0, ...
2260924,   446.4,   159.6,   433.0, 32768.0, ...
2260926,   446.3,   159.8,   433.0, 32768.0, ...
2260928,   446.4,   159.8,   433.0, 32768.0, ...
2260930,   445.8,   159.7,   433.0, 32768.0, ...
2260932,   445.3,   159.6,   433.0, 32768.0, ...
2260934,   444.9,   159.4,   433.0, 32768.0, ...
2260936,   444.4,   159.1,   433.0, 32768.0, ...
2260938,   443.9,   158.6,   433.0, 32768.0, ...
2260940,   443.4,   158.3,   433.0, 32768.0, ...
2260942,   442.9,   158.0,   432.0, 32768.0, ...
2260944,   442.8,   157.8,   433.0, 32768.0, ...
2260946,   442.9,   157.6,   433.0, 32768.0, ...
2260948,   443.0,   157.5,   433.0, 32768.0, ...
2260950,   443.1,   157.4,   433.0, 32768.0, ...
2260952,   443.3,   157.4,   433.0, 32768.0, ...
2260954,   443.8,   157.6,   433.0, 32768.0, ...
2260956,   444.3,   158.0,   434.0, 32768.0, ...
2260958,   444.8,   158.4,   434.0, 32768.0, ...
2260960,   445.3,   158.7,   434.0, 32768.0, ...
2260962,   445.6,   158.9,   434.0, 32768.0, ...
2260964,   445.9,   159.0,   434.0, 32768.0, ...
2260966,   446.1,   159.0,   434.0, 32768.0, ...
2260968,   446.0,   158.7,   434.0, 32768.0, ...
2260970,   445.9,   158.0,   434.0, 32768.0, ...
2260972,   445.6,   157.2,   434.0, 32768.0, ...
2260974,   445.3,   156.7,   434.0, 32768.0, ...
2260976,   444.7,   156.3,   433.0, 32768.0, ...
2260978,   444.1,   156.0,   433.0, 32768.0, ...
2260980,   443.7,   155.9,   433.0, 32768.0, ...
2260982,   443.4,   156.0,   433.0, 32768.0, ...
2260984,   443.4,   156.6,   433.0, 32768.0, ...
2260986,   443.6,   157.1,   433.0, 32768.0, ...
2260988,   443.8,   157.7,   433.0, 32768.0, ...
2260990,   444.2,   158.1,   433.0, 32768.0, ...
2260992,   444.6,   158.4,   433.0, 32768.0, ...
2260994,   444.9,   158.7,   432.0, 32768.0, ...
2260996,   444.9,   158.7,   432.0, 32768.0, ...
2260998,   444.5,   158.3,   432.0, 32768.0, ...
2261000,   444.0,   157.8,   432.0, 32768.0, ...
2261002,   443.7,   157.4,   432.0, 32768.0, ...
2261004,   443.4,   157.0,   432.0, 32768.0, ...
2261006,   443.2,   156.7,   432.0, 32768.0, ...
2261008,   443.0,   156.4,   432.0, 32768.0, ...
2261010,   443.0,   156.3,   432.0, 32768.0, ...
2261012,   443.1,   156.1,   432.0, 32768.0, ...
2261014,   443.2,   155.8,   432.0, 32768.0, ...
2261016,   443.3,   155.4,   433.0, 32768.0, ...
2261018,   443.3,   155.1,   433.0, 32768.0, ...
2261020,   443.4,   154.8,   434.0, 32768.0, ...
2261022,   443.4,   154.3,   434.0, 32768.0, ...
2261024,   442.8,   153.6,   434.0, 32768.0, ...
2261026,   442.2,   153.0,   434.0, 32768.0, ...
2261028,   441.5,   152.5,   434.0, 32768.0, ...
2261030,   440.8,   152.1,   434.0, 32768.0, ...
2261032,   440.2,   151.7,   434.0, 32768.0, ...
2261034,   439.6,   151.2,   434.0, 32768.0, ...
2261036,   439.0,   150.7,   434.0, 32768.0, ...
2261038,   439.1,   150.7,   434.0, 32768.0, ...
2261040,   439.6,   150.7,   434.0, 32768.0, ...
2261042,   440.1,   150.8,   434.0, 32768.0, ...
2261044,   440.7,   151.0,   434.0, 32768.0, ...
2261046,   441.2,   151.3,   434.0, 32768.0, ...
2261048,   441.7,   151.5,   435.0, 32768.0, ...
2261050,   442.1,   151.7,   435.0, 32768.0, ...
2261052,   442.3,   151.9,   435.0, 32768.0, ...
2261054,   442.0,   151.9,   435.0, 32768.0, ...
2261056,   441.7,   151.9,   435.0, 32768.0, ...
2261058,   441.2,   151.7,   435.0, 32768.0, ...
2261060,   440.7,   151.5,   435.0, 32768.0, ...
2261062,   440.1,   151.3,   435.0, 32768.0, ...
2261064,   439.6,   151.3,   435.0, 32768.0, ...
2261066,   439.3,   151.3,   435.0, 32768.0, ...
2261068,   439.1,   151.3,   435.0, 32768.0, ...
2261070,   438.8,   151.3,   435.0, 32768.0, ...
2261072,   438.7,   151.4,   435.0, 32768.0, ...
2261074,   438.6,   151.4,   435.0, 32768.0, ...
2261076,   438.3,   151.4,   435.0, 32768.0, ...
2261078,   438.1,   151.3,   434.0, 32768.0, ...
2261080,   437.9,   151.3,   434.0, 32768.0, ...
2261082,   437.6,   151.3,   434.0, 32768.0, ...
2261084,   437.0,   151.2,   434.0, 32768.0, ...
2261086,   436.6,   151.3,   434.0, 32768.0, ...
EFIX L   2260608, 2261086, 480,   461.0,   162.3,     438
SSACC L  2261088
2261088,   436.2,   151.3,   435.0, 32768.0, ...
2261090,   436.0,   152.8,   435.0, 32768.0, ...
2261092,   438.5,   157.3,   435.0, 32768.0, ...
2261094,   441.1,   161.8,   435.0, 32768.0, ...
2261096,   443.6,   166.2,   435.0, 32768.0, ...
2261098,   477.9,   173.3,   435.0, 32768.0, ...
2261100,   512.2,   180.2,   435.0, 32768.0, ...
2261102,   549.2,   183.4,   435.0, 32768.0, ...
2261104,   587.0,   183.2,   434.0, 32768.0, ...
2261106,   622.4,   179.6,   433.0, 32768.0, ...
2261108,   658.8,   175.5,   432.0, 32768.0, ...
2261110,   699.1,   171.7,   431.0, 32768.0, ...
2261112,   714.0,   166.1,   430.0, 32768.0, ...
2261114,   732.1,   160.6,   429.0, 32768.0, ...
2261116,   751.9,   158.8,   428.0, 32768.0, ...
2261118,   774.2,   158.4,   427.0, 32768.0, ...
2261120,   801.1,   158.8,   427.0, 32768.0, ...
2261122,   832.3,   160.3,   425.0, 32768.0, ...
2261124,   863.0,   160.9,   424.0, 32768.0, ...
2261126,   890.2,   161.3,   423.0, 32768.0, ...
2261128,   916.7,   161.7,   422.0, 32768.0, ...
2261130,   939.4,   160.8,   422.0, 32768.0, ...
2261132,   959.1,   159.5,   421.0, 32768.0, ...
2261134,   973.8,   158.2,   420.0, 32768.0, ...
2261136,   982.7,   157.0,   420.0, 32768.0, ...
2261138,   987.6,   156.7,   420.0, 32768.0, ...
2261140,   989.6,   156.4,   420.0, 32768.0, ...
2261142,   988.9,   156.1,   421.0, 32768.0, ...
2261144,   988.0,   155.9,   421.0, 32768.0, ...
ESACC L  2261088, 2261144, 58,   436.2,   151.3,   988.0,   155.9,   10.30,     349
SFIX L   2261146
2261146,   988.9,   155.5,   422.0, 32768.0, ...
2261148,   989.9,   155.1,   422.0, 32768.0, ...
2261150,   991.3,   154.7,   423.0, 32768.0, ...
2261152,   993.3,   154.5,   423.0, 32768.0, ...
2261154,   995.3,   153.9,   423.0, 32768.0, ...
2261156,   997.0,   153.1,   423.0, 32768.0, ...
2261158,   998.6,   152.2,   423.0, 32768.0, ...
2261160,   998.1,   151.3,   423.0, 32768.0, ...
2261162,   997.4,   150.5,   424.0, 32768.0, ...
2261164,   996.3,   150.0,   424.0, 32768.0, ...
2261166,   995.2,   149.5,   424.0, 32768.0, ...
2261168,   994.3,   149.4,   425.0, 32768.0, ...
2261170,   993.7,   149.7,   425.0, 32768.0, ...
2261172,   993.2,   150.1,   425.0, 32768.0, ...
2261174,   992.8,   150.5,   425.0, 32768.0, ...
2261176,   992.8,   150.9,   426.0, 32768.0, ...
2261178,   992.7,   151.0,   426.0, 32768.0, ...
2261180,   992.7,   151.1,   426.0, 32768.0, ...
2261182,   992.7,   151.1,   427.0, 32768.0, ...
2261184,   992.6,   151.1,   428.0, 32768.0, ...
2261186,   992.5,   151.0,   428.0, 32768.0, ...
2261188,   992.4,   151.0,   428.0, 32768.0, ...
2261190,   992.4,   151.0,   429.0, 32768.0, ...
2261192,   992.5,   151.3,   429.0, 32768.0, ...
2261194,   992.7,   151.8,   429.0, 32768.0, ...
2261196,   992.8,   152.3,   429.0, 32768.0, ...
2261198,   992.9,   152.3,   430.0, 32768.0, ...
2261200,   992.9,   152.1,   430.0, 32768.0, ...
2261202,   992.7,   151.9,   430.0, 32768.0, ...
2261204,   992.4,   151.7,   430.0, 32768.0, ...
2261206,   992.1,   151.1,   430.0, 32768.0, ...
2261208,   991.7,   150.6,   430.0, 32768.0, ...
2261210,   991.4,   150.2,   431.0, 32768.0, ...
2261212,   991.1,   150.1,   431.0, 32768.0, ...
2261214,   990.8,   150.1,   431.0, 32768.0, ...
2261216,   990.6,   150.0,   431.0, 32768.0, ...
2261218,   990.6,   149.8,   431.0, 32768.0, ...
2261220,   990.6,   149.6,   431.0, 32768.0, ...
2261222,   990.6,   149.2,   431.0, 32768.0, ...
2261224,   990.7,   148.8,   431.0, 32768.0, ...
2261226,   990.8,   148.4,   431.0, 32768.0, ...
2261228,   991.1,   148.1,   432.0, 32768.0, ...
2261230,   991.5,   147.8,   432.0, 32768.0, ...
2261232,   991.8,   147.5,   432.0, 32768.0, ...
2261234,   992.1,   147.4,   432.0, 32768.0, ...
2261236,   992.4,   147.3,   433.0, 32768.0, ...
2261238,   992.7,   147.2,   433.0, 32768.0, ...
2261240,   993.0,   147.1,   433.0, 32768.0, ...
2261242,   993.1,   147.1,   434.0, 32768.0, ...
2261244,   993.0,   147.4,   434.0, 32768.0, ...
2261246,   992.8,   147.6,   435.0, 32768.0, ...
2261248,   992.6,   147.9,   436.0, 32768.0, ...
2261250,   992.4,   148.2,   437.0, 32768.0, ...
2261252,   992.2,   148.5,   437.0, 32768.0, ...
2261254,   992.0,   148.7,   438.0, 32768.0, ...
2261256,   992.0,   148.9,   439.0, 32768.0, ...
2261258,   992.0,   149.0,   440.0, 32768.0, ...
2261260,   992.3,   149.2,   440.0, 32768.0, ...
2261262,   992.6,   149.4,   440.0, 32768.0, ...
2261264,   992.9,   149.5,   440.0, 32768.0, ...
2261266,   993.1,   149.5,   440.0, 32768.0, ...
2261268,   993.4,   149.6,   441.0, 32768.0, ...
2261270,   993.6,   149.8,   441.0, 32768.0, ...
2261272,   993.9,   150.4,   441.0, 32768.0, ...
2261274,   994.0,   151.5,   441.0, 32768.0, ...
2261276,   994.2,   152.5,   441.0, 32768.0, ...
2261278,   994.3,   153.8,   441.0, 32768.0, ...
2261280,   994.4,   154.9,   441.0, 32768.0, ...
2261282,   994.4,   155.9,   441.0, 32768.0, ...
2261284,   994.4,   156.7,   441.0, 32768.0, ...
2261286,   994.2,   157.6,   441.0, 32768.0, ...
2261288,   994.0,   158.4,   442.0, 32768.0, ...
2261290,   993.9,   159.0,   442.0, 32768.0, ...
2261292,   993.9,   159.3,   442.0, 32768.0, ...
2261294,   993.9,   159.6,   442.0, 32768.0, ...
2261296,   993.9,   159.8,   442.0, 32768.0, ...
2261298,   994.2,   160.1,   442.0, 32768.0, ...
2261300,   994.6,   160.1,   442.0, 32768.0, ...
2261302,   995.0,   160.0,   442.0, 32768.0, ...
2261304,   995.3,   159.8,   442.0, 32768.0, ...
2261306,   995.5,   159.6,   442.0, 32768.0, ...
2261308,   995.7,   159.8,   443.0, 32768.0, ...
2261310,   995.8,   159.6,   443.0, 32768.0, ...
2261312,   995.6,   159.4,   443.0, 32768.0, ...
2261314,   995.4,   159.7,   443.0, 32768.0, ...
2261316,   995.1,   160.1,   443.0, 32768.0, ...
2261318,   994.9,   160.5,   443.0, 32768.0, ...
2261320,   994.4,   160.7,   443.0, 32768.0, ...
2261322,   994.0,   160.8,   444.0, 32768.0, ...
2261324,   993.6,   160.3,   443.0, 32768.0, ...
2261326,   993.2,   159.4,   443.0, 32768.0, ...
2261328,   992.9,   158.3,   443.0, 32768.0, ...
2261330,   992.7,   157.2,   442.0, 32768.0, ...
2261332,   992.5,   156.1,   442.0, 32768.0, ...
2261334,   992.4,   155.3,   441.0, 32768.0, ...
2261336,   992.3,   154.5,   441.0, 32768.0, ...
2261338,   992.2,   154.4,   440.0, 32768.0, ...
2261340,   992.2,   154.5,   440.0, 32768.0, ...
2261342,   992.1,   154.5,   440.0, 32768.0, ...
2261344,   992.0,   154.4,   439.0, 32768.0, ...
2261346,   992.0,   154.1,   439.0, 32768.0, ...
2261348,   992.0,   153.6,   439.0, 32768.0, ...
2261350,   991.8,   153.3,   439.0, 32768.0, ...
2261352,   991.5,   153.0,   439.0, 32768.0, ...
2261354,   991.1,   152.7,   439.0, 32768.0, ...
2261356,   990.7,   152.6,   439.0, 32768.0, ...
2261358,   990.3,   153.0,   440.0, 32768.0, ...
2261360,   989.9,   153.6,   440.0, 32768.0, ...
2261362,   989.7,   154.4,   441.0, 32768.0, ...
2261364,   989.6,   155.5,   441.0, 32768.0, ...
2261366,   989.7,   156.8,   441.0, 32768.0, ...
2261368,   989.8,   158.1,   441.0, 32768.0, ...
2261370,   990.0,   159.3,   442.0, 32768.0, ...
2261372,   990.1,   159.9,   442.0, 32768.0, ...
2261374,   990.2,   160.4,   442.0, 32768.0, ...
2261376,   990.1,   160.8,   442.0, 32768.0, ...
2261378,   990.9,   159.5,   442.0, 32768.0, ...
2261380,   991.8,   158.1,   442.0, 32768.0, ...
2261382,   992.7,   156.6,   442.0, 32768.0, ...
EFIX L   2261146, 2261382, 238,   992.8,   153.4,     436
SSACC L  2261384
2261384,   995.9,   155.2,   442.0, 32768.0, ...
2261386,  1001.9,   154.1,   442.0, 32768.0, ...
2261388,  1010.1,   153.3,   442.0, 32768.0, ...
2261390,  1021.2,   152.8,   442.0, 32768.0, ...
2261392,  1033.0,   153.3,   441.0, 32768.0, ...
2261394,  1047.7,   153.5,   441.0, 32768.0, ...
2261396,  1063.7,   154.1,   441.0, 32768.0, ...
2261398,  1079.0,   154.9,   441.0, 32768.0, ...
2261400,  1092.5,   155.6,   440.0, 32768.0, ...
2261402,  1105.0,   156.2,   440.0, 32768.0, ...
2261404,  1114.5,   156.1,   440.0, 32768.0, ...
2261406,  1122.2,   155.8,   440.0, 32768.0, ...
2261408,  1126.6,   155.3,   440.0, 32768.0, ...
2261410,  1129.6,   154.8,   440.0, 32768.0, ...
2261412,  1131.1,   154.0,   440.0, 32768.0, ...
2261414,  1131.2,   153.3,   440.0, 32768.0, ...
ESACC L  2261384, 2261414, 32,   995.9,   155.2,  1131.2,   153.3,    2.57,     139
SFIX L   2261416
2261416,  1130.2,   152.7,   440.0, 32768.0, ...
2261418,  1129.1,   151.9,   441.0, 32768.0, ...
2261420,  1128.1,   151.1,   441.0, 32768.0, ...
2261422,  1127.5,   150.6,   441.0, 32768.0, ...
2261424,  1126.9,   150.2,   440.0, 32768.0, ...
2261426,  1127.2,   150.8,   440.0, 32768.0, ...
2261428,  1127.9,   151.5,   440.0, 32768.0, ...
2261430,  1128.5,   152.1,   440.0, 32768.0, ...
2261432,  1129.0,   152.9,   439.0, 32768.0, ...
2261434,  1129.5,   153.7,   439.0, 32768.0, ...
2261436,  1129.9,   154.3,   439.0, 32768.0, ...
2261438,  1130.3,   154.7,   439.0, 32768.0, ...
2261440,  1129.9,   154.0,   439.0, 32768.0, ...
2261442,  1129.6,   153.3,   440.0, 32768.0, ...
2261444,  1129.4,   152.8,   440.0, 32768.0, ...
2261446,  1129.4,   152.4,   440.0, 32768.0, ...
2261448,  1129.5,   151.9,   440.0, 32768.0, ...
2261450,  1129.8,   151.8,   440.0, 32768.0, ...
2261452,  1130.0,   150.8,   441.0, 32768.0, ...
2261454,  1130.0,   149.9,   441.0, 32768.0, ...
2261456,  1130.0,   149.9,   442.0, 32768.0, ...
2261458,  1129.9,   149.6,   443.0, 32768.0, ...
2261460,  1129.7,   149.3,   444.0, 32768.0, ...
2261462,  1129.5,   149.0,   445.0, 32768.0, ...
2261464,  1129.3,   148.4,   445.0, 32768.0, ...
2261466,  1128.8,   148.0,   446.0, 32768.0, ...
2261468,  1128.3,   148.1,   447.0, 32768.0, ...
2261470,  1127.9,   147.8,   447.0, 32768.0, ...
2261472,  1127.6,   147.6,   447.0, 32768.0, ...
2261474,  1127.2,   147.3,   447.0, 32768.0, ...
2261476,  1127.0,   147.1,   447.0, 32768.0, ...
2261478,  1126.8,   146.5,   447.0, 32768.0, ...
2261480,  1126.8,   146.0,   447.0, 32768.0, ...
2261482,  1126.9,   145.6,   447.0, 32768.0, ...
2261484,  1127.1,   145.3,   447.0, 32768.0, ...
2261486,  1127.4,   145.3,   447.0, 32768.0, ...
2261488,  1127.6,   145.4,   448.0, 32768.0, ...
2261490,  1127.8,   145.4,   448.0, 32768.0, ...
2261492,  1127.9,   145.4,   449.0, 32768.0, ...
2261494,  1128.0,   145.0,   450.0, 32768.0, ...
2261496,  1128.2,   144.7,   450.0, 32768.0, ...
2261498,  1128.4,   144.4,   451.0, 32768.0, ...
2261500,  1128.4,   144.3,   452.0, 32768.0, ...
2261502,  1128.4,   144.4,   453.0, 32768.0, ...
2261504,  1128.4,   144.5,   454.0, 32768.0, ...
2261506,  1128.4,   144.8,   454.0, 32768.0, ...
2261508,  1128.4,   145.0,   455.0, 32768.0, ...
2261510,  1128.2,   145.2,   455.0, 32768.0, ...
2261512,  1127.9,   145.3,   456.0, 32768.0, ...
2261514,  1127.2,   145.3,   456.0, 32768.0, ...
2261516,  1126.6,   145.2,   456.0, 32768.0, ...
2261518,  1126.0,   145.2,   456.0, 32768.0, ...
2261520,  1125.8,   144.9,   456.0, 32768.0, ...
2261522,  1125.5,   144.5,   456.0, 32768.0, ...
2261524,  1125.4,   143.9,   456.0, 32768.0, ...
2261526,  1125.4,   143.5,   456.0, 32768.0, ...
2261528,  1125.9,   143.0,   456.0, 32768.0, ...
2261530,  1126.5,   143.1,   456.0, 32768.0, ...
2261532,  1127.1,   143.2,   456.0, 32768.0, ...
2261534,  1127.5,   143.0,   457.0, 32768.0, ...
2261536,  1127.9,   142.8,   457.0, 32768.0, ...
2261538,  1128.2,   142.6,   458.0, 32768.0, ...
2261540,  1128.5,   142.7,   458.0, 32768.0, ...
2261542,  1128.8,   142.6,   458.0, 32768.0, ...
2261544,  1129.0,   142.9,   459.0, 32768.0, ...
2261546,  1129.1,   143.9,   459.0, 32768.0, ...
2261548,  1128.6,   145.4,   459.0, 32768.0, ...
2261550,  1128.0,   147.4,   459.0, 32768.0, ...
2261552,  1127.5,   148.6,   459.0, 32768.0, ...
2261554,  1126.9,   149.6,   459.0, 32768.0, ...
2261556,  1126.3,   150.9,   459.0, 32768.0, ...
2261558,  1125.9,   152.5,   459.0, 32768.0, ...
2261560,  1125.5,   153.7,   458.0, 32768.0, ...
2261562,  1125.7,   154.7,   458.0, 32768.0, ...
2261564,  1125.9,   154.7,   458.0, 32768.0, ...
2261566,  1126.2,   154.5,   458.0, 32768.0, ...
2261568,  1126.5,   154.1,   458.0, 32768.0, ...
2261570,  1126.7,   153.6,   458.0, 32768.0, ...
2261572,  1127.0,   153.4,   457.0, 32768.0, ...
2261574,  1127.0,   153.4,   457.0, 32768.0, ...
2261576,  1127.1,   153.0,   457.0, 32768.0, ...
2261578,  1127.1,   152.7,   457.0, 32768.0, ...
2261580,  1127.2,   152.6,   457.0, 32768.0, ...
2261582,  1127.4,   151.8,   457.0, 32768.0, ...
2261584,  1127.5,   151.0,   457.0, 32768.0, ...
2261586,  1127.7,   150.3,   457.0, 32768.0, ...
2261588,  1128.1,   149.4,   457.0, 32768.0, ...
2261590,  1128.5,   148.5,   457.0, 32768.0, ...
2261592,  1129.0,   148.0,   457.0, 32768.0, ...
2261594,  1129.3,   147.8,   457.0, 32768.0, ...
2261596,  1129.7,   148.5,   456.0, 32768.0, ...
2261598,  1130.0,   149.2,   456.0, 32768.0, ...
2261600,  1130.4,   149.9,   456.0, 32768.0, ...
2261602,  1130.7,   150.4,   456.0, 32768.0, ...
2261604,  1130.9,   150.5,   456.0, 32768.0, ...
2261606,  1130.9,   150.7,   457.0, 32768.0, ...
2261608,  1130.8,   150.5,   457.0, 32768.0, ...
2261610,  1130.7,   150.4,   457.0, 32768.0, ...
2261612,  1130.6,   150.4,   457.0, 32768.0, ...
2261614,  1130.5,   150.5,   457.0, 32768.0, ...
2261616,  1130.3,   150.6,   457.0, 32768.0, ...
2261618,  1130.0,   150.9,   457.0, 32768.0, ...
2261620,  1129.8,   151.2,   457.0, 32768.0, ...
2261622,  1129.5,   151.6,   457.0, 32768.0, ...
2261624,  1129.1,   151.9,   457.0, 32768.0, ...
2261626,  1128.7,   152.2,   457.0, 32768.0, ...
2261628,  1128.3,   152.4,   457.0, 32768.0, ...
2261630,  1128.2,   152.6,   458.0, 32768.0, ...
2261632,  1128.1,   152.7,   458.0, 32768.0, ...
2261634,  1128.1,   152.8,   458.0, 32768.0, ...
2261636,  1128.1,   153.0,   459.0, 32768.0, ...
2261638,  1128.2,   153.1,   460.0, 32768.0, ...
2261640,  1128.3,   153.3,   460.0, 32768.0, ...
2261642,  1128.2,   153.4,   460.0, 32768.0, ...
2261644,  1128.0,   153.6,   460.0, 32768.0, ...
2261646,  1127.8,   153.8,   460.0, 32768.0, ...
2261648,  1127.6,   153.9,   459.0, 32768.0, ...
2261650,  1127.4,   153.8,   459.0, 32768.0, ...
2261652,  1127.3,   153.8,   458.0, 32768.0, ...
2261654,  1127.3,   153.8,   458.0, 32768.0, ...
2261656,  1127.4,   153.9,   457.0, 32768.0, ...
2261658,  1127.5,   153.9,   457.0, 32768.0, ...
2261660,  1127.3,   153.9,   457.0, 32768.0, ...
2261662,  1127.2,   154.0,   458.0, 32768.0, ...
2261664,  1127.0,   153.9,   458.0, 32768.0, ...
2261666,  1126.7,   153.7,   458.0, 32768.0, ...
2261668,  1126.4,   153.5,   458.0, 32768.0, ...
2261670,  1126.6,   153.4,   458.0, 32768.0, ...
2261672,  1127.1,   153.1,   458.0, 32768.0, ...
2261674,  1127.7,   152.8,   458.0, 32768.0, ...
2261676,  1128.4,   152.1,   458.0, 32768.0, ...
2261678,  1129.2,   151.4,   458.0, 32768.0, ...
2261680,  1129.9,   150.9,   458.0, 32768.0, ...
2261682,  1130.6,   150.6,   458.0, 32768.0, ...
2261684,  1130.8,   150.7,   458.0, 32768.0, ...
2261686,  1130.7,   150.9,   459.0, 32768.0, ...
2261688,  1130.6,   151.1,   459.0, 32768.0, ...
2261690,  1130.0,   151.6,   459.0, 32768.0, ...
2261692,  1129.3,   152.0,   460.0, 32768.0, ...
2261694,  1128.6,   152.3,   460.0, 32768.0, ...
2261696,  1128.0,   152.6,   460.0, 32768.0, ...
2261698,  1127.5,   152.3,   460.0, 32768.0, ...
2261700,  1127.0,   152.1,   459.0, 32768.0, ...
2261702,  1126.7,   152.0,   459.0, 32768.0, ...
2261704,  1126.9,   152.0,   459.0, 32768.0, ...
2261706,  1127.1,   152.1,   460.0, 32768.0, ...
2261708,  1127.5,   151.8,   460.0, 32768.0, ...
2261710,  1127.8,   151.4,   460.0, 32768.0, ...
2261712,  1128.2,   151.4,   460.0, 32768.0, ...
2261714,  1128.4,   151.5,   460.0, 32768.0, ...
2261716,  1128.4,   151.2,   460.0, 32768.0, ...
2261718,  1128.5,   151.1,   460.0, 32768.0, ...
2261720,  1128.6,   151.3,   460.0, 32768.0, ...
2261722,  1128.8,   151.5,   460.0, 32768.0, ...
2261724,  1129.0,   151.7,   460.0, 32768.0, ...
2261726,  1129.1,   151.8,   460.0, 32768.0, ...
2261728,  1129.3,   151.8,   460.0, 32768.0, ...
2261730,  1129.7,   151.5,   460.0, 32768.0, ...
2261732,  1130.1,   151.0,   460.0, 32768.0, ...
2261734,  1130.5,   150.4,   460.0, 32768.0, ...
2261736,  1130.6,   149.7,   460.0, 32768.0, ...
2261738,  1130.2,   149.2,   460.0, 32768.0, ...
2261740,  1129.9,   148.6,   460.0, 32768.0, ...
2261742,  1129.5,   148.8,   461.0, 32768.0, ...
2261744,  1129.1,   148.7,   461.0, 32768.0, ...
2261746,  1128.4,   149.0,   461.0, 32768.0, ...
2261748,  1127.8,   149.3,   461.0, 32768.0, ...
2261750,  1127.3,   149.6,   461.0, 32768.0, ...
2261752,  1127.1,   149.8,   461.0, 32768.0, ...
2261754,  1127.0,   149.9,   461.0, 32768.0, ...
2261756,  1126.8,   149.7,   460.0, 32768.0, ...
2261758,  1126.7,   149.5,   460.0, 32768.0, ...
2261760,  1126.6,   149.3,   460.0, 32768.0, ...
2261762,  1126.5,   149.2,   460.0, 32768.0, ...
2261764,  1126.5,   149.1,   461.0, 32768.0, ...
2261766,  1126.9,   148.9,   461.0, 32768.0, ...
2261768,  1127.4,   148.5,   461.0, 32768.0, ...
2261770,  1128.0,   148.3,   462.0, 32768.0, ...
2261772,  1128.7,   148.2,   462.0, 32768.0, ...
2261774,  1129.2,   148.1,   462.0, 32768.0, ...
2261776,  1129.5,   147.9,   462.0, 32768.0, ...
2261778,  1129.8,   147.7,   463.0, 32768.0, ...
2261780,  1129.5,   147.5,   462.0, 32768.0, ...
2261782,  1129.2,   147.2,   462.0, 32768.0, ...
2261784,  1129.0,   147.0,   462.0, 32768.0, ...
2261786,  1128.8,   146.8,   462.0, 32768.0, ...
2261788,  1128.8,   146.6,   462.0, 32768.0, ...
2261790,  1129.0,   146.5,   462.0, 32768.0, ...
2261792,  1129.2,   146.4,   462.0, 32768.0, ...
2261794,  1129.4,   146.3,   463.0, 32768.0, ...
2261796,  1129.6,   146.6,   463.0, 32768.0, ...
2261798,  1129.6,   147.0,   464.0, 32768.0, ...
2261800,  1129.7,   147.4,   464.0, 32768.0, ...
2261802,  1129.6,   147.9,   465.0, 32768.0, ...
2261804,  1129.5,   148.3,   466.0, 32768.0, ...
2261806,  1129.4,   148.6,   466.0, 32768.0, ...
2261808,  1129.4,   148.9,   467.0, 32768.0, ...
2261810,  1129.4,   148.6,   467.0, 32768.0, ...
2261812,  1129.4,   148.4,   467.0, 32768.0, ...
2261814,  1129.3,   148.4,   467.0, 32768.0, ...
2261816,  1129.2,   148.3,   468.0, 32768.0, ...
2261818,  1129.0,   148.3,   468.0, 32768.0, ...
2261820,  1128.8,   148.2,   468.0, 32768.0, ...
2261822,  1128.6,   148.2,   468.0, 32768.0, ...
2261824,  1128.4,   148.2,   468.0, 32768.0, ...
2261826,  1128.3,   148.1,   468.0, 32768.0, ...
2261828,  1128.2,   147.8,   468.0, 32768.0, ...
2261830,  1128.2,   147.5,   468.0, 32768.0, ...
2261832,  1128.2,   147.3,   467.0, 32768.0, ...
2261834,  1128.2,   147.1,   467.0, 32768.0, ...
2261836,  1128.3,   146.9,   467.0, 32768.0, ...
2261838,  1128.4,   146.7,   466.0, 32768.0, ...
2261840,  1128.6,   146.5,   466.0, 32768.0, ...
2261842,  1128.8,   146.3,   466.0, 32768.0, ...
2261844,  1129.1,   146.1,   466.0, 32768.0, ...
2261846,  1129.4,   145.8,   466.0, 32768.0, ...
2261848,  1129.7,   145.6,   466.0, 32768.0, ...
2261850,  1130.0,   145.6,   467.0, 32768.0, ...
2261852,  1130.2,   145.6,   467.0, 32768.0, ...
2261854,  1130.2,   145.6,   468.0, 32768.0, ...
2261856,  1130.2,   145.6,   469.0, 32768.0, ...
2261858,  1130.1,   145.6,   469.0, 32768.0, ...
2261860,  1129.8,   145.6,   469.0, 32768.0, ...
2261862,  1129.4,   145.6,   469.0, 32768.0, ...
2261864,  1129.1,   145.5,   469.0, 32768.0, ...
2261866,  1128.9,   146.2,   468.0, 32768.0, ...
2261868,  1129.0,   146.9,   468.0, 32768.0, ...
2261870,  1129.1,   147.7,   468.0, 32768.0, ...
2261872,  1129.2,   148.4,   469.0, 32768.0, ...
2261874,  1129.2,   149.2,   469.0, 32768.0, ...
2261876,  1129.2,   149.8,   469.0, 32768.0, ...
2261878,  1129.1,   150.5,   470.0, 32768.0, ...
2261880,  1129.0,   150.3,   470.0, 32768.0, ...
2261882,  1128.3,   150.0,   471.0, 32768.0, ...
2261884,  1127.6,   149.8,   472.0, 32768.0, ...
2261886,  1126.7,   149.4,   473.0, 32768.0, ...
2261888,  1126.0,   149.0,   473.0, 32768.0, ...
2261890,  1125.3,   148.6,   474.0, 32768.0, ...
2261892,  1124.7,   148.0,   474.0, 32768.0, ...
2261894,  1124.0,   147.4,   474.0, 32768.0, ...
2261896,  1123.8,   147.0,   474.0, 32768.0, ...
2261898,  1123.8,   146.7,   474.0, 32768.0, ...
2261900,  1124.3,   147.0,   474.0, 32768.0, ...
2261902,  1124.9,   147.6,   473.0, 32768.0, ...
EFIX L   2261416, 2261902, 488,  1128.3,   149.2,     458
SSACC L  2261904
2261904,  1126.6,   148.8,   472.0, 32768.0, ...
2261906,  1130.1,   151.2,   471.0, 32768.0, ...
2261908,  1134.8,   155.9,   471.0, 32768.0, ...
2261910,  1141.4,   161.5,   471.0, 32768.0, ...
2261912,  1148.4,   167.6,   471.0, 32768.0, ...
2261914,  1155.9,   173.5,   470.0, 32768.0, ...
2261916,  1163.3,   179.5,   471.0, 32768.0, ...
2261918,  1169.6,   185.0,   471.0, 32768.0, ...
2261920,  1174.2,   189.8,   472.0, 32768.0, ...
2261922,  1177.7,   192.2,   472.0, 32768.0, ...
2261924,  1179.1,   193.3,   472.0, 32768.0, ...
2261926,  1180.1,   194.1,   472.0, 32768.0, ...
ESACC L  2261904, 2261926, 24,  1126.6,   148.8,  1180.1,   194.1,    1.31,      86
SFIX L   2261928
2261928,  1180.3,   194.5,   472.0, 32768.0, ...
2261930,  1180.7,   194.5,   472.0, 32768.0, ...
2261932,  1181.0,   195.0,   472.0, 32768.0, ...
2261934,  1181.0,   195.6,   472.0, 32768.0, ...
2261936,  1181.0,   196.7,   472.0, 32768.0, ...
2261938,  1181.0,   197.6,   472.0, 32768.0, ...
2261940,  1180.8,   198.6,   472.0, 32768.0, ...
2261942,  1180.6,   199.8,   472.0, 32768.0, ...
2261944,  1180.3,   201.0,   472.0, 32768.0, ...
2261946,  1180.0,   202.1,   471.0, 32768.0, ...
2261948,  1179.9,   202.9,   472.0, 32768.0, ...
2261950,  1179.8,   203.2,   472.0, 32768.0, ...
2261952,  1179.7,   203.5,   473.0, 32768.0, ...
2261954,  1179.7,   203.3,   474.0, 32768.0, ...
2261956,  1179.6,   202.7,   474.0, 32768.0, ...
2261958,  1179.5,   202.2,   475.0, 32768.0, ...
2261960,  1179.3,   201.6,   476.0, 32768.0, ...
2261962,  1179.1,   200.7,   476.0, 32768.0, ...
2261964,  1178.9,   200.2,   475.0, 32768.0, ...
2261966,  1178.6,   199.5,   475.0, 32768.0, ...
2261968,  1178.4,   199.1,   474.0, 32768.0, ...
2261970,  1178.2,   198.4,   474.0, 32768.0, ...
2261972,  1178.3,   197.9,   474.0, 32768.0, ...
2261974,  1178.4,   197.6,   473.0, 32768.0, ...
2261976,  1178.5,   197.4,   473.0, 32768.0, ...
2261978,  1178.7,   197.0,   472.0, 32768.0, ...
2261980,  1179.1,   197.1,   472.0, 32768.0, ...
2261982,  1179.4,   197.2,   472.0, 32768.0, ...
2261984,  1179.6,   197.6,   472.0, 32768.0, ...
2261986,  1179.7,   197.8,   472.0, 32768.0, ...
2261988,  1179.9,   198.2,   473.0, 32768.0, ...
2261990,  1180.1,   199.0,   473.0, 32768.0, ...
2261992,  1180.2,   199.6,   474.0, 32768.0, ...
2261994,  1180.3,   199.9,   474.0, 32768.0, ...
2261996,  1180.4,   199.7,   474.0, 32768.0, ...
2261998,  1180.5,   199.6,   474.0, 32768.0, ...
2262000,  1180.6,   199.9,   475.0, 32768.0, ...
2262002,  1180.5,   200.1,   475.0, 32768.0, ...
2262004,  1180.4,   200.4,   475.0, 32768.0, ...
2262006,  1180.3,   200.6,   475.0, 32768.0, ...
2262008,  1180.3,   200.7,   474.0, 32768.0, ...
2262010,  1180.2,   200.7,   474.0, 32768.0, ...
2262012,  1180.2,   200.6,   474.0, 32768.0, ...
2262014,  1180.2,   200.4,   474.0, 32768.0, ...
2262016,  1180.4,   200.1,   474.0, 32768.0, ...
2262018,  1180.5,   199.8,   474.0, 32768.0, ...
2262020,  1180.4,   199.5,   474.0, 32768.0, ...
2262022,  1180.4,   199.2,   474.0, 32768.0, ...
2262024,  1180.3,   198.9,   474.0, 32768.0, ...
2262026,  1180.2,   198.6,   474.0, 32768.0, ...
2262028,  1180.1,   198.2,   474.0, 32768.0, ...
2262030,  1180.0,   198.1,   474.0, 32768.0, ...
2262032,  1180.0,   198.0,   474.0, 32768.0, ...
2262034,  1180.1,   198.4,   474.0, 32768.0, ...
2262036,  1180.2,   198.7,   474.0, 32768.0, ...
2262038,  1180.2,   199.1,   474.0, 32768.0, ...
2262040,  1180.3,   199.6,   474.0, 32768.0, ...
2262042,  1180.4,   200.2,   474.0, 32768.0, ...
2262044,  1180.4,   201.0,   474.0, 32768.0, ...
2262046,  1180.5,   201.8,   475.0, 32768.0, ...
2262048,  1180.4,   202.1,   475.0, 32768.0, ...
2262050,  1180.4,   202.1,   475.0, 32768.0, ...
2262052,  1180.4,   201.9,   476.0, 32768.0, ...
2262054,  1180.3,   201.7,   476.0, 32768.0, ...
2262056,  1180.1,   201.2,   477.0, 32768.0, ...
2262058,  1179.8,   200.7,   477.0, 32768.0, ...
2262060,  1179.6,   200.3,   477.0, 32768.0, ...
2262062,  1179.4,   199.8,   477.0, 32768.0, ...
2262064,  1179.5,   199.3,   478.0, 32768.0, ...
2262066,  1179.6,   199.4,   478.0, 32768.0, ...
2262068,  1179.7,   199.5,   478.0, 32768.0, ...
2262070,  1179.7,   199.5,   479.0, 32768.0, ...
2262072,  1179.7,   199.4,   479.0, 32768.0, ...
2262074,  1179.7,   198.8,   479.0, 32768.0, ...
2262076,  1179.8,   198.3,   480.0, 32768.0, ...
2262078,  1179.7,   197.7,   480.0, 32768.0, ...
2262080,  1179.5,   197.1,   480.0, 32768.0, ...
2262082,  1179.2,   196.5,   480.0, 32768.0, ...
2262084,  1179.1,   196.0,   480.0, 32768.0, ...
2262086,  1178.8,   196.0,   480.0, 32768.0, ...
2262088,  1178.6,   196.4,   480.0, 32768.0, ...
2262090,  1178.2,   196.8,   479.0, 32768.0, ...
2262092,  1177.9,   197.1,   479.0, 32768.0, ...
2262094,  1177.8,   197.5,   478.0, 32768.0, ...
2262096,  1177.9,   197.7,   477.0, 32768.0, ...
2262098,  1177.9,   197.9,   477.0, 32768.0, ...
2262100,  1178.0,   197.9,   477.0, 32768.0, ...
2262102,  1178.0,   197.9,   477.0, 32768.0, ...
2262104,  1178.0,   198.0,   477.0, 32768.0, ...
2262106,  1178.0,   197.2,   478.0, 32768.0, ...
2262108,  1177.8,   196.4,   478.0, 32768.0, ...
2262110,  1177.6,   195.8,   478.0, 32768.0, ...
2262112,  1177.6,   195.1,   479.0, 32768.0, ...
2262114,  1177.5,   194.4,   479.0, 32768.0, ...
2262116,  1177.6,   193.7,   479.0, 32768.0, ...
2262118,  1177.7,   193.0,   479.0, 32768.0, ...
2262120,  1177.8,   193.2,   480.0, 32768.0, ...
2262122,  1177.9,   193.9,   480.0, 32768.0, ...
2262124,  1177.9,   194.6,   480.0, 32768.0, ...
2262126,  1177.9,   195.2,   480.0, 32768.0, ...
2262128,  1177.9,   195.8,   480.0, 32768.0, ...
2262130,  1177.9,   196.5,   480.0, 32768.0, ...
2262132,  1178.0,   197.2,   480.0, 32768.0, ...
2262134,  1178.2,   198.0,   480.0, 32768.0, ...
2262136,  1178.4,   198.3,   480.0, 32768.0, ...
2262138,  1178.6,   198.6,   480.0, 32768.0, ...
2262140,  1178.9,   198.8,   480.0, 32768.0, ...
2262142,  1179.2,   199.2,   481.0, 32768.0, ...
2262144,  1179.5,   199.6,   481.0, 32768.0, ...
2262146,  1179.8,   200.0,   481.0, 32768.0, ...
2262148,  1180.2,   200.5,   481.0, 32768.0, ...
2262150,  1180.5,   200.9,   480.0, 32768.0, ...
2262152,  1180.9,   201.5,   480.0, 32768.0, ...
2262154,  1181.2,   201.8,   480.0, 32768.0, ...
2262156,  1181.5,   202.2,   480.0, 32768.0, ...
2262158,  1181.7,   202.5,   480.0, 32768.0, ...
2262160,  1181.8,   202.7,   480.0, 32768.0, ...
2262162,  1181.8,   203.2,   481.0, 32768.0, ...
2262164,  1181.4,   203.7,   481.0, 32768.0, ...
2262166,  1181.0,   204.1,   481.0, 32768.0, ...
2262168,  1180.7,   205.0,   482.0, 32768.0, ...
2262170,  1180.6,   206.3,   482.0, 32768.0, ...
EFIX L   2261928, 2262170, 244,  1179.6,   199.1,     476
SSACC L  2262172
2262172,  1181.0,   208.7,   482.0, 32768.0, ...
2262174,  1182.8,   213.7,   483.0, 32768.0, ...
2262176,  1185.0,   219.7,   482.0, 32768.0, ...
2262178,  1187.5,   226.8,   482.0, 32768.0, ...
2262180,  1190.3,   234.4,   482.0, 32768.0, ...
2262182,  1192.9,   242.0,   482.0, 32768.0, ...
2262184,  1195.3,   250.6,   482.0, 32768.0, ...
2262186,  1197.1,   258.5,   482.0, 32768.0, ...
2262188,  1197.6,   263.8,   483.0, 32768.0, ...
2262190,  1197.5,   267.9,   483.0, 32768.0, ...
2262192,  1196.5,   270.8,   483.0, 32768.0, ...
ESACC L  2262172, 2262192, 22,  1181.0,   208.7,  1196.5,   270.8,    1.20,      77
SFIX L   2262194
2262194,  1195.3,   273.1,   484.0, 32768.0, ...
2262196,  1194.1,   274.9,   484.0, 32768.0, ...
2262198,  1192.9,   275.0,   484.0, 32768.0, ...
2262200,  1191.8,   274.8,   484.0, 32768.0, ...
2262202,  1190.7,   274.3,   484.0, 32768.0, ...
2262204,  1190.0,   275.1,   484.0, 32768.0, ...
2262206,  1190.1,   276.1,   483.0, 32768.0, ...
2262208,  1190.3,   277.7,   483.0, 32768.0, ...
2262210,  1190.6,   279.5,   483.0, 32768.0, ...
2262212,  1190.9,   281.5,   483.0, 32768.0, ...
2262214,  1191.1,   283.6,   483.0, 32768.0, ...
2262216,  1191.4,   285.6,   483.0, 32768.0, ...
2262218,  1191.6,   285.5,   484.0, 32768.0, ...
2262220,  1191.7,   285.5,   484.0, 32768.0, ...
2262222,  1191.7,   284.5,   485.0, 32768.0, ...
2262224,  1191.8,   283.1,   485.0, 32768.0, ...
2262226,  1191.8,   281.5,   485.0, 32768.0, ...
2262228,  1191.9,   280.0,   485.0, 32768.0, ...
2262230,  1191.9,   278.8,   485.0, 32768.0, ...
2262232,  1191.9,   278.3,   484.0, 32768.0, ...
2262234,  1191.9,   277.8,   484.0, 32768.0, ...
2262236,  1191.8,   277.3,   484.0, 32768.0, ...
2262238,  1191.8,   277.0,   483.0, 32768.0, ...
2262240,  1191.6,   277.1,   483.0, 32768.0, ...
2262242,  1191.4,   277.3,   482.0, 32768.0, ...
2262244,  1191.1,   277.5,   482.0, 32768.0, ...
2262246,  1190.9,   277.8,   482.0, 32768.0, ...
2262248,  1190.8,   277.9,   482.0, 32768.0, ...
2262250,  1190.6,   278.2,   482.0, 32768.0, ...
2262252,  1190.6,   278.4,   482.0, 32768.0, ...
2262254,  1190.6,   278.7,   483.0, 32768.0, ...
2262256,  1190.9,   278.9,   483.0, 32768.0, ...
2262258,  1191.2,   279.1,   483.0, 32768.0, ...
2262260,  1191.4,   279.4,   483.0, 32768.0, ...
2262262,  1191.6,   279.7,   483.0, 32768.0, ...
2262264,  1191.8,   279.9,   484.0, 32768.0, ...
2262266,  1191.8,   280.2,   484.0, 32768.0, ...
2262268,  1191.8,   280.5,   484.0, 32768.0, ...
2262270,  1191.7,   280.7,   485.0, 32768.0, ...
2262272,  1191.8,   280.9,   485.0, 32768.0, ...
2262274,  1191.9,   281.1,   486.0, 32768.0, ...
2262276,  1192.1,   281.2,   486.0, 32768.0, ...
2262278,  1192.4,   281.4,   486.0, 32768.0, ...
2262280,  1192.8,   281.6,   486.0, 32768.0, ...
2262282,  1193.2,   281.7,   486.0, 32768.0, ...
2262284,  1193.4,   281.9,   485.0, 32768.0, ...
2262286,  1193.5,   282.2,   485.0, 32768.0, ...
2262288,  1193.5,   282.5,   484.0, 32768.0, ...
2262290,  1193.0,   282.9,   484.0, 32768.0, ...
2262292,  1192.3,   283.5,   484.0, 32768.0, ...
2262294,  1191.6,   284.1,   484.0, 32768.0, ...
2262296,  1190.9,   284.7,   485.0, 32768.0, ...
2262298,  1190.4,   285.2,   485.0, 32768.0, ...
2262300,  1189.8,   285.7,   486.0, 32768.0, ...
2262302,  1189.3,   286.0,   486.0, 32768.0, ...
2262304,  1189.2,   286.2,   487.0, 32768.0, ...
2262306,  1188.9,   286.2,   487.0, 32768.0, ...
2262308,  1188.6,   285.8,   487.0, 32768.0, ...
2262310,  1188.3,   285.4,   486.0, 32768.0, ...
2262312,  1188.0,   285.0,   486.0, 32768.0, ...
2262314,  1187.7,   284.6,   486.0, 32768.0, ...
2262316,  1187.6,   284.2,   486.0, 32768.0, ...
2262318,  1187.6,   283.8,   486.0, 32768.0, ...
2262320,  1187.9,   283.5,   487.0, 32768.0, ...
2262322,  1188.3,   283.5,   487.0, 32768.0, ...
2262324,  1188.7,   283.5,   487.0, 32768.0, ...
2262326,  1189.1,   283.1,   487.0, 32768.0, ...
2262328,  1189.5,   282.7,   488.0, 32768.0, ...
2262330,  1189.8,   282.5,   488.0, 32768.0, ...
2262332,  1189.9,   282.4,   489.0, 32768.0, ...
2262334,  1190.0,   282.3,   489.0, 32768.0, ...
2262336,  1189.6,   282.1,   489.0, 32768.0, ...
2262338,  1189.3,   282.1,   489.0, 32768.0, ...
2262340,  1189.2,   282.2,   489.0, 32768.0, ...
2262342,  1189.1,   282.5,   489.0, 32768.0, ...
2262344,  1189.0,   282.8,   489.0, 32768.0, ...
2262346,  1189.3,   283.3,   489.0, 32768.0, ...
2262348,  1189.7,   283.8,   489.0, 32768.0, ...
2262350,  1190.3,   284.2,   489.0, 32768.0, ...
2262352,  1190.6,   284.6,   489.0, 32768.0, ...
2262354,  1190.6,   284.9,   489.0, 32768.0, ...
2262356,  1190.6,   284.9,   489.0, 32768.0, ...
2262358,  1190.5,   285.1,   489.0, 32768.0, ...
2262360,  1190.3,   285.3,   489.0, 32768.0, ...
2262362,  1190.2,   285.4,   489.0, 32768.0, ...
2262364,  1190.4,   285.3,   490.0, 32768.0, ...
2262366,  1190.6,   285.5,   490.0, 32768.0, ...
2262368,  1191.4,   285.7,   490.0, 32768.0, ...
2262370,  1192.2,   286.0,   490.0, 32768.0, ...
2262372,  1192.9,   286.3,   490.0, 32768.0, ...
2262374,  1193.4,   286.8,   490.0, 32768.0, ...
2262376,  1193.8,   287.2,   489.0, 32768.0, ...
2262378,  1193.8,   287.8,   489.0, 32768.0, ...
2262380,  1193.7,   288.4,   488.0, 32768.0, ...
2262382,  1193.3,   289.0,   488.0, 32768.0, ...
2262384,  1192.2,   289.4,   487.0, 32768.0, ...
2262386,  1191.4,   289.9,   487.0, 32768.0, ...
2262388,  1190.8,   290.0,   487.0, 32768.0, ...
2262390,  1190.3,   290.2,   487.0, 32768.0, ...
2262392,  1189.9,   290.2,   488.0, 32768.0, ...
2262394,  1189.6,   290.2,   488.0, 32768.0, ...
2262396,  1189.3,   290.2,   489.0, 32768.0, ...
2262398,  1189.7,   290.2,   489.0, 32768.0, ...
2262400,  1189.3,   290.0,   490.0, 32768.0, ...
2262402,  1188.8,   289.9,   490.0, 32768.0, ...
2262404,  1188.4,   290.0,   491.0, 32768.0, ...
2262406,  1188.1,   290.0,   491.0, 32768.0, ...
2262408,  1188.5,   291.2,   491.0, 32768.0, ...
2262410,  1189.1,   293.7,   491.0, 32768.0, ...
2262412,  1189.8,   296.7,   491.0, 32768.0, ...
2262414,  1191.3,   299.7,   492.0, 32768.0, ...
2262416,  1192.7,   302.7,   492.0, 32768.0, ...
2262418,  1194.1,   305.7,   493.0, 32768.0, ...
2262420,  1195.1,   308.8,   494.0, 32768.0, ...
2262422,  1195.4,   310.7,   494.0, 32768.0, ...
2262424,  1195.4,   311.2,   494.0, 32768.0, ...
2262426,  1195.0,   311.0,   494.0, 32768.0, ...
2262428,  1194.6,   310.6,   494.0, 32768.0, ...
2262430,  1194.1,   310.3,   494.0, 32768.0, ...
2262432,  1193.7,   309.9,   494.0, 32768.0, ...
2262434,  1193.4,   310.2,   494.0, 32768.0, ...
2262436,  1193.2,   310.6,   493.0, 32768.0, ...
2262438,  1192.9,   311.0,   493.0, 32768.0, ...
2262440,  1192.9,   311.8,   492.0, 32768.0, ...
2262442,  1192.9,   312.6,   492.0, 32768.0, ...
2262444,  1192.9,   313.3,   491.0, 32768.0, ...
2262446,  1192.9,   314.1,   491.0, 32768.0, ...
2262448,  1192.7,   314.1,   490.0, 32768.0, ...
2262450,  1192.6,   314.2,   490.0, 32768.0, ...
2262452,  1192.6,   313.9,   489.0, 32768.0, ...
2262454,  1192.6,   313.6,   489.0, 32768.0, ...
2262456,  1192.6,   313.4,   489.0, 32768.0, ...
2262458,  1192.7,   313.1,   489.0, 32768.0, ...
2262460,  1192.9,   312.8,   489.0, 32768.0, ...
2262462,  1193.2,   312.6,   489.0, 32768.0, ...
2262464,  1193.5,   312.4,   489.0, 32768.0, ...
2262466,  1193.7,   312.5,   490.0, 32768.0, ...
2262468,  1193.9,   312.6,   491.0, 32768.0, ...
2262470,  1194.1,   312.7,   492.0, 32768.0, ...
2262472,  1194.2,   312.6,   492.0, 32768.0, ...
2262474,  1194.3,   312.6,   493.0, 32768.0, ...
2262476,  1194.3,   312.8,   493.0, 32768.0, ...
2262478,  1194.4,   312.9,   493.0, 32768.0, ...
2262480,  1194.4,   313.0,   492.0, 32768.0, ...
2262482,  1194.5,   313.1,   492.0, 32768.0, ...
2262484,  1194.5,   313.1,   492.0, 32768.0, ...
2262486,  1194.6,   313.1,   491.0, 32768.0, ...
2262488,  1194.7,   313.0,   491.0, 32768.0, ...
2262490,  1194.7,   312.7,   491.0, 32768.0, ...
2262492,  1194.7,   312.6,   491.0, 32768.0, ...
2262494,  1194.6,   312.6,   491.0, 32768.0, ...
2262496,  1194.1,   312.7,   491.0, 32768.0, ...
2262498,  1193.7,   312.8,   491.0, 32768.0, ...
2262500,  1193.4,   312.6,   490.0, 32768.0, ...
2262502,  1193.0,   312.4,   490.0, 32768.0, ...
2262504,  1192.6,   312.2,   490.0, 32768.0, ...
2262506,  1192.3,   311.9,   489.0, 32768.0, ...
2262508,  1192.2,   311.6,   489.0, 32768.0, ...
2262510,  1192.4,   311.4,   489.0, 32768.0, ...
2262512,  1192.5,   311.3,   490.0, 32768.0, ...
2262514,  1192.5,   311.7,   490.0, 32768.0, ...
2262516,  1192.5,   312.1,   491.0, 32768.0, ...
2262518,  1192.1,   312.6,   491.0, 32768.0, ...
2262520,  1191.7,   313.1,   492.0, 32768.0, ...
2262522,  1191.3,   313.7,   492.0, 32768.0, ...
2262524,  1191.0,   314.0,   491.0, 32768.0, ...
2262526,  1190.9,   314.1,   491.0, 32768.0, ...
2262528,  1191.0,   314.1,   491.0, 32768.0, ...
2262530,  1191.1,   314.0,   490.0, 32768.0, ...
2262532,  1191.7,   314.0,   490.0, 32768.0, ...
2262534,  1192.3,   314.1,   490.0, 32768.0, ...
2262536,  1192.8,   314.4,   490.0, 32768.0, ...
2262538,  1192.9,   314.7,   490.0, 32768.0, ...
2262540,  1192.8,   315.1,   490.0, 32768.0, ...
2262542,  1192.7,   315.6,   490.0, 32768.0, ...
2262544,  1192.5,   316.3,   490.0, 32768.0, ...
2262546,  1192.3,   316.9,   490.0, 32768.0, ...
2262548,  1192.0,   317.1,   491.0, 32768.0, ...
2262550,  1191.8,   317.1,   491.0, 32768.0, ...
2262552,  1192.0,   317.0,   491.0, 32768.0, ...
2262554,  1192.1,   316.8,   492.0, 32768.0, ...
2262556,  1192.2,   316.7,   492.0, 32768.0, ...
2262558,  1192.4,   316.1,   492.0, 32768.0, ...
2262560,  1192.7,   315.6,   492.0, 32768.0, ...
2262562,  1192.9,   314.9,   492.0, 32768.0, ...
2262564,  1193.0,   314.3,   491.0, 32768.0, ...
2262566,  1193.1,   313.8,   491.0, 32768.0, ...
2262568,  1193.1,   313.4,   491.0, 32768.0, ...
2262570,  1193.2,   313.0,   491.0, 32768.0, ...
2262572,  1193.1,   312.6,   490.0, 32768.0, ...
2262574,  1193.0,   312.6,   491.0, 32768.0, ...
2262576,  1192.8,   312.9,   491.0, 32768.0, ...
2262578,  1192.8,   313.4,   491.0, 32768.0, ...
2262580,  1192.8,   313.9,   491.0, 32768.0, ...
2262582,  1192.9,   314.7,   491.0, 32768.0, ...
2262584,  1193.0,   315.4,   491.0, 32768.0, ...
2262586,  1193.2,   316.1,   492.0, 32768.0, ...
2262588,  1193.3,   316.6,   492.0, 32768.0, ...
2262590,  1193.3,   316.9,   492.0, 32768.0, ...
2262592,  1193.3,   317.0,   492.0, 32768.0, ...
2262594,  1193.1,   317.2,   493.0, 32768.0, ...
2262596,  1192.9,   317.5,   493.0, 32768.0, ...
2262598,  1192.8,   317.7,   493.0, 32768.0, ...
2262600,  1192.6,   317.9,   493.0, 32768.0, ...
2262602,  1192.5,   318.0,   493.0, 32768.0, ...
2262604,  1192.5,   318.2,   494.0, 32768.0, ...
2262606,  1192.5,   318.3,   494.0, 32768.0, ...
2262608,  1192.6,   318.2,   494.0, 32768.0, ...
2262610,  1192.6,   317.7,   494.0, 32768.0, ...
2262612,  1192.6,   317.1,   494.0, 32768.0, ...
2262614,  1192.6,   316.5,   494.0, 32768.0, ...
2262616,  1192.6,   316.1,   493.0, 32768.0, ...
2262618,  1192.6,   315.8,   493.0, 32768.0, ...
2262620,  1192.7,   315.9,   493.0, 32768.0, ...
2262622,  1192.7,   316.2,   494.0, 32768.0, ...
2262624,  1192.8,   316.5,   495.0, 32768.0, ...
2262626,  1192.9,   316.7,   495.0, 32768.0, ...
2262628,  1192.9,   316.7,   496.0, 32768.0, ...
2262630,  1192.9,   316.6,   497.0, 32768.0, ...
2262632,  1192.9,   316.5,   497.0, 32768.0, ...
2262634,  1192.9,   316.1,   497.0, 32768.0, ...
2262636,  1192.9,   315.7,   497.0, 32768.0, ...
2262638,  1192.9,   315.4,   497.0, 32768.0, ...
2262640,  1192.7,   315.2,   497.0, 32768.0, ...
2262642,  1192.6,   315.3,   497.0, 32768.0, ...
2262644,  1192.5,   315.3,   497.0, 32768.0, ...
2262646,  1192.5,   315.3,   497.0, 32768.0, ...
2262648,  1192.3,   315.2,   497.0, 32768.0, ...
2262650,  1192.2,   315.0,   497.0, 32768.0, ...
2262652,  1192.0,   314.8,   498.0, 32768.0, ...
2262654,  1191.9,   314.5,   498.0, 32768.0, ...
2262656,  1191.9,   314.3,   498.0, 32768.0, ...
2262658,  1191.9,   314.1,   498.0, 32768.0, ...
2262660,  1191.9,   313.9,   498.0, 32768.0, ...
2262662,  1191.9,   314.1,   497.0, 32768.0, ...
2262664,  1192.0,   314.3,   497.0, 32768.0, ...
2262666,  1192.0,   314.7,   497.0, 32768.0, ...
2262668,  1192.1,   315.1,   497.0, 32768.0, ...
2262670,  1192.2,   315.7,   497.0, 32768.0, ...
2262672,  1192.3,   316.4,   497.0, 32768.0, ...
2262674,  1192.3,   317.3,   497.0, 32768.0, ...
2262676,  1192.4,   317.8,   497.0, 32768.0, ...
2262678,  1192.4,   318.2,   496.0, 32768.0, ...
2262680,  1192.4,   318.5,   496.0, 32768.0, ...
2262682,  1192.4,   318.8,   495.0, 32768.0, ...
2262684,  1192.3,   318.7,   495.0, 32768.0, ...
2262686,  1192.2,   318.5,   494.0, 32768.0, ...
2262688,  1192.1,   318.2,   493.0, 32768.0, ...
2262690,  1192.4,   317.9,   493.0, 32768.0, ...
2262692,  1192.7,   317.6,   493.0, 32768.0, ...
2262694,  1193.0,   317.4,   493.0, 32768.0, ...
2262696,  1193.3,   317.3,   493.0, 32768.0, ...
2262698,  1193.7,   317.9,   493.0, 32768.0, ...
2262700,  1194.0,   318.5,   494.0, 32768.0, ...
2262702,  1194.4,   319.1,   494.0, 32768.0, ...
2262704,  1194.5,   319.8,   494.0, 32768.0, ...
2262706,  1194.5,   320.4,   495.0, 32768.0, ...
2262708,  1194.3,   320.9,   495.0, 32768.0, ...
2262710,  1194.2,   320.9,   495.0, 32768.0, ...
2262712,  1193.9,   320.6,   496.0, 32768.0, ...
2262714,  1193.5,   320.3,   496.0, 32768.0, ...
2262716,  1193.2,   320.1,   496.0, 32768.0, ...
2262718,  1192.9,   319.9,   496.0, 32768.0, ...
2262720,  1192.6,   319.8,   496.0, 32768.0, ...
2262722,  1192.6,   319.7,   495.0, 32768.0, ...
2262724,  1192.5,   319.8,   495.0, 32768.0, ...
2262726,  1192.6,   319.7,   495.0, 32768.0, ...
2262728,  1192.6,   319.3,   494.0, 32768.0, ...
2262730,  1192.7,   319.0,   494.0, 32768.0, ...
2262732,  1192.7,   318.6,   494.0, 32768.0, ...
2262734,  1192.6,   318.1,   495.0, 32768.0, ...
2262736,  1192.5,   317.7,   495.0, 32768.0, ...
2262738,  1192.3,   317.3,   496.0, 32768.0, ...
2262740,  1192.1,   317.1,   496.0, 32768.0, ...
2262742,  1192.2,   317.0,   496.0, 32768.0, ...
2262744,  1192.2,   316.7,   496.0, 32768.0, ...
2262746,  1192.3,   316.5,   495.0, 32768.0, ...
2262748,  1192.5,   316.2,   495.0, 32768.0, ...
2262750,  1192.7,   315.8,   494.0, 32768.0, ...
2262752,  1193.0,   315.7,   494.0, 32768.0, ...
2262754,  1193.2,   315.7,   494.0, 32768.0, ...
2262756,  1193.3,   315.9,   494.0, 32768.0, ...
2262758,  1193.1,   316.2,   495.0, 32768.0, ...
2262760,  1192.8,   316.7,   495.0, 32768.0, ...
2262762,  1192.5,   317.3,   495.0, 32768.0, ...
2262764,  1192.2,   317.8,   495.0, 32768.0, ...
2262766,  1191.9,   318.0,   494.0, 32768.0, ...
2262768,  1191.6,   318.2,   494.0, 32768.0, ...
2262770,  1191.5,   318.5,   493.0, 32768.0, ...
2262772,  1191.6,   318.8,   492.0, 32768.0, ...
2262774,  1191.7,   318.5,   491.0, 32768.0, ...
2262776,  1191.9,   318.2,   490.0, 32768.0, ...
2262778,  1192.1,   317.9,   489.0, 32768.0, ...
2262780,  1192.3,   317.6,   489.0, 32768.0, ...
2262782,  1192.5,   317.6,   489.0, 32768.0, ...
2262784,  1192.6,   317.5,   489.0, 32768.0, ...
2262786,  1192.8,   317.3,   489.0, 32768.0, ...
2262788,  1193.0,   317.7,   490.0, 32768.0, ...
2262790,  1193.2,   318.0,   490.0, 32768.0, ...
2262792,  1193.3,   317.6,   491.0, 32768.0, ...
2262794,  1193.3,   317.2,   491.0, 32768.0, ...
2262796,  1193.4,   316.7,   491.0, 32768.0, ...
2262798,  1193.5,   316.2,   491.0, 32768.0, ...
2262800,  1193.5,   315.6,   491.0, 32768.0, ...
2262802,  1193.4,   315.0,   490.0, 32768.0, ...
2262804,  1193.2,   314.5,   490.0, 32768.0, ...
2262806,  1193.1,   314.4,   490.0, 32768.0, ...
2262808,  1193.0,   314.3,   490.0, 32768.0, ...
2262810,  1193.1,   314.3,   490.0, 32768.0, ...
EFIX L   2262194, 2262810, 618,  1192.1,   303.9,     491
SSACC L  2262812
2262812,  1193.3,   315.9,   489.0, 32768.0, ...
2262814,  1193.4,   319.5,   489.0, 32768.0, ...
2262816,  1194.7,   325.0,   489.0, 32768.0, ...
2262818,  1196.0,   333.3,   490.0, 32768.0, ...
2262820,  1198.2,   344.9,   490.0, 32768.0, ...
2262822,  1200.3,   359.1,   490.0, 32768.0, ...
2262824,  1202.5,   378.4,   491.0, 32768.0, ...
2262826,  1204.7,   399.3,   492.0, 32768.0, ...
2262828,  1207.0,   419.2,   492.0, 32768.0, ...
2262830,  1208.3,   440.4,   493.0, 32768.0, ...
2262832,  1209.7,   461.1,   493.0, 32768.0, ...
2262834,  1210.5,   481.5,   493.0, 32768.0, ...
2262836,  1211.2,   501.8,   494.0, 32768.0, ...
2262838,  1211.6,   519.3,   494.0, 32768.0, ...
2262840,  1212.0,   536.4,   493.0, 32768.0, ...
2262842,  1212.2,   556.1,   493.0, 32768.0, ...
2262844,  1212.1,   575.7,   493.0, 32768.0, ...
2262846,  1211.8,   593.5,   493.0, 32768.0, ...
2262848,  1211.2,   610.2,   493.0, 32768.0, ...
2262850,  1210.7,   628.6,   492.0, 32768.0, ...
2262852,  1209.2,   646.0,   492.0, 32768.0, ...
2262854,  1207.8,   660.6,   492.0, 32768.0, ...
2262856,  1206.3,   671.3,   492.0, 32768.0, ...
2262858,  1204.6,   678.3,   492.0, 32768.0, ...
2262860,  1202.3,   683.5,   491.0, 32768.0, ...
2262862,  1200.0,   686.9,   491.0, 32768.0, ...
2262864,  1197.7,   686.4,   491.0, 32768.0, ...
2262866,  1196.2,   685.0,   491.0, 32768.0, ...
ESACC L  2262812, 2262866, 56,  1193.3,   315.9,  1196.2,   685.0,    6.89,     193
SFIX L   2262868
2262868,  1194.4,   683.7,   491.0, 32768.0, ...
2262870,  1192.6,   682.8,   491.0, 32768.0, ...
2262872,  1191.4,   682.5,   491.0, 32768.0, ...
2262874,  1191.0,   683.9,   490.0, 32768.0, ...
2262876,  1190.7,   685.3,   490.0, 32768.0, ...
2262878,  1190.5,   686.8,   490.0, 32768.0, ...
2262880,  1190.5,   687.8,   490.0, 32768.0, ...
2262882,  1190.8,   688.8,   489.0, 32768.0, ...
2262884,  1191.1,   689.6,   489.0, 32768.0, ...
2262886,  1191.4,   690.2,   488.0, 32768.0, ...
2262888,  1191.7,   690.6,   488.0, 32768.0, ...
2262890,  1191.8,   690.8,   488.0, 32768.0, ...
2262892,  1191.9,   691.1,   487.0, 32768.0, ...
2262894,  1192.0,   691.5,   487.0, 32768.0, ...
2262896,  1191.9,   692.2,   487.0, 32768.0, ...
2262898,  1191.9,   692.8,   488.0, 32768.0, ...
2262900,  1191.9,   694.1,   488.0, 32768.0, ...
2262902,  1192.0,   695.2,   489.0, 32768.0, ...
2262904,  1192.2,   696.4,   490.0, 32768.0, ...
2262906,  1192.3,   697.3,   490.0, 32768.0, ...
2262908,  1192.5,   697.9,   490.0, 32768.0, ...
2262910,  1192.7,   697.8,   491.0, 32768.0, ...
2262912,  1193.0,   697.6,   491.0, 32768.0, ...
2262914,  1193.2,   696.9,   491.0, 32768.0, ...
2262916,  1193.4,   696.2,   490.0, 32768.0, ...
2262918,  1193.6,   695.4,   490.0, 32768.0, ...
2262920,  1193.7,   694.7,   490.0, 32768.0, ...
2262922,  1193.7,   694.2,   490.0, 32768.0, ...
2262924,  1193.8,   694.2,   489.0, 32768.0, ...
2262926,  1193.7,   694.0,   489.0, 32768.0, ...
2262928,  1193.6,   693.6,   489.0, 32768.0, ...
2262930,  1193.5,   693.0,   488.0, 32768.0, ...
2262932,  1193.3,   692.3,   487.0, 32768.0, ...
2262934,  1193.3,   691.6,   487.0, 32768.0, ...
2262936,  1193.3,   690.8,   486.0, 32768.0, ...
2262938,  1193.4,   690.0,   485.0, 32768.0, ...
2262940,  1193.6,   689.0,   484.0, 32768.0, ...
2262942,  1193.9,   688.2,   483.0, 32768.0, ...
2262944,  1194.2,   687.6,   483.0, 32768.0, ...
2262946,  1194.5,   687.0,   482.0, 32768.0, ...
2262948,  1194.7,   686.5,   482.0, 32768.0, ...
2262950,  1194.8,   685.9,   482.0, 32768.0, ...
2262952,  1194.9,   685.5,   482.0, 32768.0, ...
2262954,  1195.0,   685.5,   482.0, 32768.0, ...
2262956,  1195.1,   685.5,   482.0, 32768.0, ...
2262958,  1195.4,   685.5,   482.0, 32768.0, ...
2262960,  1195.6,   685.5,   481.0, 32768.0, ...
2262962,  1195.9,   685.5,   482.0, 32768.0, ...
2262964,  1196.1,   685.6,   482.0, 32768.0, ...
2262966,  1196.0,   685.8,   482.0, 32768.0, ...
2262968,  1195.5,   686.1,   483.0, 32768.0, ...
2262970,  1195.0,   686.3,   483.0, 32768.0, ...
2262972,  1194.3,   686.6,   483.0, 32768.0, ...
2262974,  1193.6,   686.7,   484.0, 32768.0, ...
2262976,  1192.9,   686.8,   484.0, 32768.0, ...
2262978,  1192.3,   686.9,   484.0, 32768.0, ...
2262980,  1192.0,   686.9,   484.0, 32768.0, ...
2262982,  1192.0,   686.9,   483.0, 32768.0, ...
2262984,  1192.0,   686.9,   483.0, 32768.0, ...
2262986,  1192.0,   687.0,   482.0, 32768.0, ...
2262988,  1192.0,   687.2,   481.0, 32768.0, ...
2262990,  1191.9,   687.4,   481.0, 32768.0, ...
2262992,  1191.9,   687.6,   481.0, 32768.0, ...
2262994,  1191.7,   687.8,   481.0, 32768.0, ...
2262996,  1191.5,   688.0,   481.0, 32768.0, ...
2262998,  1191.3,   688.0,   482.0, 32768.0, ...
2263000,  1191.1,   688.1,   482.0, 32768.0, ...
2263002,  1190.9,   687.9,   482.0, 32768.0, ...
2263004,  1190.8,   687.8,   483.0, 32768.0, ...
2263006,  1190.8,   688.0,   483.0, 32768.0, ...
2263008,  1191.0,   688.2,   483.0, 32768.0, ...
2263010,  1191.3,   688.5,   483.0, 32768.0, ...
2263012,  1191.7,   689.2,   483.0, 32768.0, ...
2263014,  1192.2,   690.0,   484.0, 32768.0, ...
2263016,  1192.6,   690.8,   484.0, 32768.0, ...
2263018,  1193.1,   691.5,   484.0, 32768.0, ...
2263020,  1193.6,   692.2,   484.0, 32768.0, ...
2263022,  1194.0,   692.9,   485.0, 32768.0, ...
2263024,  1194.3,   693.6,   485.0, 32768.0, ...
2263026,  1194.4,   694.1,   485.0, 32768.0, ...
2263028,  1194.4,   694.5,   485.0, 32768.0, ...
2263030,  1194.4,   694.9,   485.0, 32768.0, ...
2263032,  1194.2,   695.2,   485.0, 32768.0, ...
2263034,  1194.0,   695.6,   484.0, 32768.0, ...
2263036,  1193.9,   695.9,   484.0, 32768.0, ...
2263038,  1194.2,   696.4,   484.0, 32768.0, ...
2263040,  1194.6,   696.8,   484.0, 32768.0, ...
2263042,  1195.2,   697.2,   484.0, 32768.0, ...
2263044,  1195.9,   697.7,   485.0, 32768.0, ...
2263046,  1196.6,   698.0,   485.0, 32768.0, ...
2263048,  1197.1,   697.0,   486.0, 32768.0, ...
2263050,  1197.2,   695.9,   486.0, 32768.0, ...
2263052,  1196.9,   694.5,   486.0, 32768.0, ...
2263054,  1196.7,   692.6,   485.0, 32768.0, ...
2263056,  1196.4,   690.9,   484.0, 32768.0, ...
2263058,  1195.9,   689.2,   483.0, 32768.0, ...
2263060,  1195.6,   687.7,   483.0, 32768.0, ...
2263062,  1195.3,   687.7,   482.0, 32768.0, ...
2263064,  1195.3,   688.5,   482.0, 32768.0, ...
EFIX L   2262868, 2263064, 198,  1193.4,   690.4,     485
SSACC L  2263066
2263066,  1195.2,   691.1,   481.0, 32768.0, ...
2263068,  1195.1,   696.8,   481.0, 32768.0, ...
2263070,  1195.0,   703.8,   481.0, 32768.0, ...
2263072,  1194.9,   713.4,   481.0, 32768.0, ...
2263074,  1194.9,   723.0,   482.0, 32768.0, ...
2263076,  1194.8,   732.3,   482.0, 32768.0, ...
2263078,  1194.6,   740.7,   483.0, 32768.0, ...
2263080,  1194.5,   745.8,   483.0, 32768.0, ...
2263082,  1194.4,   748.2,   484.0, 32768.0, ...
2263084,  1194.3,   749.2,   484.0, 32768.0, ...
2263086,  1194.1,   747.6,   484.0, 32768.0, ...
ESACC L  2263066, 2263086, 22,  1195.2,   691.1,  1194.1,   747.6,    1.05,      84
SFIX L   2263088
2263088,  1193.6,   745.7,   484.0, 32768.0, ...
2263090,  1193.2,   743.8,   484.0, 32768.0, ...
2263092,  1192.8,   741.7,   484.0, 32768.0, ...
2263094,  1192.5,   741.2,   484.0, 32768.0, ...
2263096,  1192.2,   740.3,   484.0, 32768.0, ...
2263098,  1191.8,   739.4,   483.0, 32768.0, ...
2263100,  1191.5,   738.6,   483.0, 32768.0, ...
2263102,  1191.5,   737.8,   482.0, 32768.0, ...
2263104,  1191.5,   737.0,   482.0, 32768.0, ...
2263106,  1191.5,   736.2,   481.0, 32768.0, ...
2263108,  1191.5,   735.6,   481.0, 32768.0, ...
2263110,  1191.5,   735.6,   481.0, 32768.0, ...
2263112,  1191.5,   735.6,   481.0, 32768.0, ...
2263114,  1191.6,   736.9,   481.0, 32768.0, ...
2263116,  1191.7,   738.2,   481.0, 32768.0, ...
2263118,  1191.7,   739.5,   481.0, 32768.0, ...
2263120,  1191.7,   740.8,   482.0, 32768.0, ...
2263122,  1191.8,   742.0,   482.0, 32768.0, ...
2263124,  1192.0,   743.2,   482.0, 32768.0, ...
2263126,  1192.5,   744.6,   482.0, 32768.0, ...
2263128,  1192.9,   745.2,   483.0, 32768.0, ...
2263130,  1193.3,   745.7,   483.0, 32768.0, ...
2263132,  1193.8,   746.1,   483.0, 32768.0, ...
2263134,  1193.9,   746.5,   483.0, 32768.0, ...
2263136,  1194.1,   746.9,   483.0, 32768.0, ...
2263138,  1194.1,   747.1,   483.0, 32768.0, ...
2263140,  1193.8,   747.1,   482.0, 32768.0, ...
2263142,  1193.3,   746.6,   482.0, 32768.0, ...
2263144,  1192.9,   746.2,   481.0, 32768.0, ...
2263146,  1192.5,   745.6,   480.0, 32768.0, ...
2263148,  1192.8,   745.2,   480.0, 32768.0, ...
2263150,  1193.0,   745.2,   479.0, 32768.0, ...
2263152,  1193.1,   745.6,   479.0, 32768.0, ...
2263154,  1193.1,   745.9,   479.0, 32768.0, ...
2263156,  1193.1,   746.2,   479.0, 32768.0, ...
2263158,  1193.1,   746.5,   480.0, 32768.0, ...
2263160,  1193.1,   746.8,   480.0, 32768.0, ...
2263162,  1192.7,   746.9,   480.0, 32768.0, ...
2263164,  1192.2,   746.7,   480.0, 32768.0, ...
2263166,  1191.8,   746.6,   480.0, 32768.0, ...
2263168,  1191.9,   746.6,   480.0, 32768.0, ...
2263170,  1192.1,   746.9,   481.0, 32768.0, ...
2263172,  1192.3,   747.2,   482.0, 32768.0, ...
2263174,  1192.4,   747.5,   482.0, 32768.0, ...
2263176,  1192.3,   747.6,   483.0, 32768.0, ...
2263178,  1192.4,   747.7,   483.0, 32768.0, ...
2263180,  1192.4,   747.8,   483.0, 32768.0, ...
2263182,  1192.2,   747.8,   482.0, 32768.0, ...
2263184,  1191.9,   747.4,   482.0, 32768.0, ...
2263186,  1191.6,   747.1,   481.0, 32768.0, ...
2263188,  1191.5,   746.8,   480.0, 32768.0, ...
2263190,  1191.6,   746.9,   480.0, 32768.0, ...
2263192,  1191.8,   747.3,   480.0, 32768.0, ...
2263194,  1192.0,   747.6,   480.0, 32768.0, ...
2263196,  1192.1,   747.8,   480.0, 32768.0, ...
2263198,  1192.2,   748.0,   479.0, 32768.0, ...
2263200,  1192.3,   748.0,   479.0, 32768.0, ...
2263202,  1192.4,   748.0,   479.0, 32768.0, ...
2263204,  1192.4,   747.9,   478.0, 32768.0, ...
2263206,  1192.4,   747.8,   478.0, 32768.0, ...
2263208,  1192.4,   747.5,   478.0, 32768.0, ...
2263210,  1192.4,   747.4,   478.0, 32768.0, ...
2263212,  1192.4,   747.6,   478.0, 32768.0, ...
2263214,  1192.5,   747.8,   479.0, 32768.0, ...
2263216,  1192.6,   748.1,   480.0, 32768.0, ...
2263218,  1192.6,   748.6,   480.0, 32768.0, ...
2263220,  1192.7,   749.1,   481.0, 32768.0, ...
2263222,  1192.7,   749.5,   482.0, 32768.0, ...
2263224,  1192.7,   749.5,   481.0, 32768.0, ...
2263226,  1192.7,   749.2,   481.0, 32768.0, ...
2263228,  1192.7,   748.4,   480.0, 32768.0, ...
2263230,  1192.6,   747.7,   479.0, 32768.0, ...
2263232,  1192.7,   747.1,   477.0, 32768.0, ...
2263234,  1192.8,   747.2,   476.0, 32768.0, ...
2263236,  1193.2,   747.3,   475.0, 32768.0, ...
2263238,  1193.6,   747.6,   477.0, 32768.0, ...
2263240,  1194.0,   747.8,   478.0, 32768.0, ...
2263242,  1194.4,   748.3,   479.0, 32768.0, ...
2263244,  1194.9,   748.7,   479.0, 32768.0, ...
2263246,  1195.3,   749.0,   478.0, 32768.0, ...
2263248,  1195.6,   748.6,   478.0, 32768.0, ...
2263250,  1195.9,   748.6,   477.0, 32768.0, ...
2263252,  1195.9,   748.4,   476.0, 32768.0, ...
2263254,  1195.8,   748.2,   475.0, 32768.0, ...
2263256,  1195.7,   748.0,   474.0, 32768.0, ...
2263258,  1195.6,   748.1,   474.0, 32768.0, ...
2263260,  1195.5,   748.3,   475.0, 32768.0, ...
2263262,  1195.4,   748.7,   475.0, 32768.0, ...
2263264,  1195.3,   748.0,   475.0, 32768.0, ...
2263266,  1195.5,   747.4,   475.0, 32768.0, ...
2263268,  1195.6,   746.7,   475.0, 32768.0, ...
2263270,  1195.7,   745.8,   475.0, 32768.0, ...
2263272,  1195.7,   745.0,   474.0, 32768.0, ...
2263274,  1195.6,   744.1,   474.0, 32768.0, ...
2263276,  1195.5,   743.2,   474.0, 32768.0, ...
2263278,  1195.1,   743.3,   473.0, 32768.0, ...
2263280,  1194.7,   743.6,   473.0, 32768.0, ...
2263282,  1194.3,   743.8,   473.0, 32768.0, ...
2263284,  1194.0,   744.1,   472.0, 32768.0, ...
2263286,  1193.8,   744.3,   472.0, 32768.0, ...
2263288,  1193.5,   744.3,   472.0, 32768.0, ...
2263290,  1193.4,   744.3,   471.0, 32768.0, ...
2263292,  1193.5,   744.3,   471.0, 32768.0, ...
2263294,  1194.0,   744.2,   471.0, 32768.0, ...
2263296,  1194.6,   744.3,   472.0, 32768.0, ...
2263298,  1195.1,   744.4,   472.0, 32768.0, ...
2263300,  1195.5,   744.5,   472.0, 32768.0, ...
2263302,  1195.9,   744.8,   472.0, 32768.0, ...
2263304,  1196.2,   745.2,   472.0, 32768.0, ...
2263306,  1196.3,   745.4,   472.0, 32768.0, ...
2263308,  1196.1,   745.3,   471.0, 32768.0, ...
2263310,  1195.6,   745.3,   471.0, 32768.0, ...
2263312,  1195.0,   744.9,   470.0, 32768.0, ...
2263314,  1194.6,   744.3,   469.0, 32768.0, ...
2263316,  1194.3,   743.7,   469.0, 32768.0, ...
2263318,  1194.2,   743.2,   469.0, 32768.0, ...
2263320,  1194.2,   742.7,   468.0, 32768.0, ...
2263322,  1194.5,   742.7,   469.0, 32768.0, ...
2263324,  1194.8,   742.7,   469.0, 32768.0, ...
2263326,  1195.4,   743.0,   469.0, 32768.0, ...
2263328,  1195.9,   743.3,   469.0, 32768.0, ...
2263330,  1196.1,   743.8,   468.0, 32768.0, ...
2263332,  1196.3,   744.4,   468.0, 32768.0, ...
2263334,  1196.1,   745.4,   468.0, 32768.0, ...
2263336,  1195.7,   746.5,   468.0, 32768.0, ...
2263338,  1195.3,   747.7,   467.0, 32768.0, ...
2263340,  1194.8,   748.6,   467.0, 32768.0, ...
2263342,  1194.2,   749.3,   466.0, 32768.0, ...
2263344,  1193.8,   749.3,   466.0, 32768.0, ...
2263346,  1193.4,   749.0,   466.0, 32768.0, ...
2263348,  1193.6,   748.4,   465.0, 32768.0, ...
2263350,  1193.8,   746.0,   465.0, 32768.0, ...
EFIX L   2263088, 2263350, 264,  1193.5,   745.5,     477
SSACC L  2263352
2263352,  1194.2,   743.7,   464.0, 32768.0, ...
2263354,  1194.7,   740.6,   464.0, 32768.0, ...
2263356,  1195.2,   735.4,   466.0, 32768.0, ...
2263358,  1195.7,   727.4,   470.0, 32768.0, ...
2263360,  1196.2,   719.8,   474.0, 32768.0, ...
2263362,  1196.4,   712.6,   478.0, 32768.0, ...
2263364,  1196.3,   708.2,   479.0, 32768.0, ...
2263366,  1196.0,   714.1,   474.0, 32768.0, ...
2263368,  1195.8,   734.2,   463.0, 32768.0, ...
2263370,  1180.2,   765.3,   424.0, 32768.0, ...
2263372,  1105.7,   826.2,   367.0, 32768.0, ...
2263374,   753.1,   945.3,   312.0, 32768.0, ...
2263376,   413.6,  1078.9,   256.0, 32768.0, ...
2263378,    80.4,  1217.4,   204.0, 32768.0, ...
2263380,   -97.0,  1300.2,   166.0, 32768.0, ...
2263382,  -345.6,  1396.0,   123.0, 32768.0, ...
2263384,  -692.0,  1521.2,   102.0, 32768.0, ...
SBLINK L 2263386
2263386,    .,    .,     0.0, 32768.0, ...
2263388,    .,    .,     0.0, 32768.0, ...
2263390,    .,    .,     0.0, 32768.0, ...
2263392,    .,    .,     0.0, 32768.0, ...
2263394,    .,    .,     0.0, 32768.0, ...
2263396,    .,    .,     0.0, 32768.0, ...
2263398,    .,    .,     0.0, 32768.0, ...
2263400,    .,    .,     0.0, 32768.0, ...
2263402,    .,    .,     0.0, 32768.0, ...
2263404,    .,    .,     0.0, 32768.0, ...
2263406,    .,    .,     0.0, 32768.0, ...
2263408,    .,    .,     0.0, 32768.0, ...
2263410,    .,    .,     0.0, 32768.0, ...
2263412,    .,    .,     0.0, 32768.0, ...
2263414,    .,    .,     0.0, 32768.0, ...
2263416,    .,    .,     0.0, 32768.0, ...
2263418,    .,    .,     0.0, 32768.0, ...
2263420,    .,    .,     0.0, 32768.0, ...
2263422,    .,    .,     0.0, 32768.0, ...
2263424,    .,    .,     0.0, 32768.0, ...
2263426,    .,    .,     0.0, 32768.0, ...
2263428,    .,    .,     0.0, 32768.0, ...
2263430,    .,    .,     0.0, 32768.0, ...
2263432,    .,    .,     0.0, 32768.0, ...
2263434,    .,    .,     0.0, 32768.0, ...
2263436,    .,    .,     0.0, 32768.0, ...
2263438,    .,    .,     0.0, 32768.0, ...
2263440,    .,    .,     0.0, 32768.0, ...
2263442,    .,    .,     0.0, 32768.0, ...
2263444,    .,    .,     0.0, 32768.0, ...
2263446,    .,    .,     0.0, 32768.0, ...
2263448,    .,    .,     0.0, 32768.0, ...
2263450,    .,    .,     0.0, 32768.0, ...
2263452,    .,    .,     0.0, 32768.0, ...
2263454,    .,    .,     0.0, 32768.0, ...
2263456,    .,    .,     0.0, 32768.0, ...
2263458,    .,    .,     0.0, 32768.0, ...
2263460,    .,    .,     0.0, 32768.0, ...
2263462,    .,    .,     0.0, 32768.0, ...
2263464,    .,    .,     0.0, 32768.0, ...
2263466,    .,    .,     0.0, 32768.0, ...
2263468,    .,    .,     0.0, 32768.0, ...
2263470,    .,    .,     0.0, 32768.0, ...
2263472,    .,    .,     0.0, 32768.0, ...
2263474,    .,    .,     0.0, 32768.0, ...
2263476,    .,    .,     0.0, 32768.0, ...
2263478,    .,    .,     0.0, 32768.0, ...
2263480,    .,    .,     0.0, 32768.0, ...
2263482,    .,    .,     0.0, 32768.0, ...
2263484,    .,    .,     0.0, 32768.0, ...
2263486,    .,    .,     0.0, 32768.0, ...
2263488,    .,    .,     0.0, 32768.0, ...
2263490,    .,    .,     0.0, 32768.0, ...
2263492,    .,    .,     0.0, 32768.0, ...
2263494,    .,    .,     0.0, 32768.0, ...
2263496,    .,    .,     0.0, 32768.0, ...
2263498,    .,    .,     0.0, 32768.0, ...
2263500,    .,    .,     0.0, 32768.0, ...
2263502,    .,    .,     0.0, 32768.0, ...
2263504,    .,    .,     0.0, 32768.0, ...
2263506,    .,    .,     0.0, 32768.0, ...
2263508,    .,    .,     0.0, 32768.0, ...
2263510,    .,    .,     0.0, 32768.0, ...
2263512,    .,    .,     0.0, 32768.0, ...
2263514,    .,    .,     0.0, 32768.0, ...
2263516,    .,    .,     0.0, 32768.0, ...
2263518,    .,    .,     0.0, 32768.0, ...
2263520,    .,    .,     0.0, 32768.0, ...
2263522,    .,    .,     0.0, 32768.0, ...
2263524,    .,    .,     0.0, 32768.0, ...
2263526,    .,    .,     0.0, 32768.0, ...
2263528,    .,    .,     0.0, 32768.0, ...
2263530,    .,    .,     0.0, 32768.0, ...
2263532,    .,    .,     0.0, 32768.0, ...
2263534,    .,    .,     0.0, 32768.0, ...
2263536,    .,    .,     0.0, 32768.0, ...
2263538,    .,    .,     0.0, 32768.0, ...
2263540,    .,    .,     0.0, 32768.0, ...
EBLINK L 2263386, 2263540, 156
2263542,  -947.2,  1701.2,   147.0, 32768.0, ...
2263544,  -626.8,  1623.0,   149.0, 32768.0, ...
2263546,  -255.6,  1541.1,   161.0, 32768.0, ...
2263548,   139.6,  1421.8,   191.0, 32768.0, ...
2263550,   537.4,  1309.8,   223.0, 32768.0, ...
2263552,   937.4,  1196.2,   256.0, 32768.0, ...
2263554,  1018.6,  1154.2,   290.0, 32768.0, ...
2263556,  1103.4,  1110.2,   327.0, 32768.0, ...
2263558,  1187.7,  1062.3,   363.0, 32768.0, ...
2263560,  1216.0,  1006.4,   391.0, 32768.0, ...
2263562,  1214.7,   985.2,   401.0, 32768.0, ...
2263564,  1212.8,   964.0,   410.0, 32768.0, ...
2263566,  1211.0,   944.3,   418.0, 32768.0, ...
2263568,  1208.6,   921.8,   432.0, 32768.0, ...
2263570,  1205.0,   905.4,   442.0, 32768.0, ...
2263572,  1201.4,   893.0,   449.0, 32768.0, ...
2263574,  1197.0,   884.7,   456.0, 32768.0, ...
2263576,  1192.7,   876.1,   464.0, 32768.0, ...
2263578,  1189.1,   867.1,   470.0, 32768.0, ...
2263580,  1185.3,   858.9,   480.0, 32768.0, ...
ESACC L  2263352, 2263580, 230,  1194.2,   743.7,  1185.3,   858.9,    2.13,    2710
SFIX L   2263582
2263582,  1182.3,   855.4,   485.0, 32768.0, ...
2263584,  1180.2,   851.7,   490.0, 32768.0, ...
2263586,  1178.1,   848.5,   495.0, 32768.0, ...
2263588,  1177.1,   845.8,   499.0, 32768.0, ...
2263590,  1175.6,   843.1,   503.0, 32768.0, ...
2263592,  1174.1,   841.7,   506.0, 32768.0, ...
2263594,  1172.8,   840.2,   506.0, 32768.0, ...
2263596,  1171.5,   837.2,   506.0, 32768.0, ...
2263598,  1170.9,   834.8,   505.0, 32768.0, ...
2263600,  1170.3,   833.1,   504.0, 32768.0, ...
2263602,  1169.7,   831.8,   503.0, 32768.0, ...
2263604,  1169.6,   832.6,   503.0, 32768.0, ...
2263606,  1169.6,   833.4,   502.0, 32768.0, ...
2263608,  1169.7,   834.3,   501.0, 32768.0, ...
2263610,  1169.8,   837.0,   499.0, 32768.0, ...
2263612,  1169.9,   840.3,   496.0, 32768.0, ...
2263614,  1170.9,   844.8,   494.0, 32768.0, ...
2263616,  1172.2,   849.3,   491.0, 32768.0, ...
2263618,  1173.3,   852.1,   487.0, 32768.0, ...
2263620,  1174.5,   855.0,   483.0, 32768.0, ...
2263622,  1175.9,   859.7,   480.0, 32768.0, ...
2263624,  1177.5,   866.1,   477.0, 32768.0, ...
2263626,  1179.1,   872.5,   475.0, 32768.0, ...
2263628,  1179.9,   877.3,   474.0, 32768.0, ...
2263630,  1180.4,   881.8,   471.0, 32768.0, ...
2263632,  1181.0,   886.0,   467.0, 32768.0, ...
2263634,  1181.4,   890.2,   464.0, 32768.0, ...
2263636,  1181.4,   892.4,   460.0, 32768.0, ...
2263638,  1181.0,   893.2,   456.0, 32768.0, ...
2263640,  1180.4,   893.9,   451.0, 32768.0, ...
2263642,  1179.7,   894.3,   447.0, 32768.0, ...
2263644,  1179.1,   895.2,   443.0, 32768.0, ...
2263646,  1178.6,   896.4,   441.0, 32768.0, ...
2263648,  1178.1,   898.0,   440.0, 32768.0, ...
2263650,  1177.9,   899.9,   438.0, 32768.0, ...
2263652,  1177.7,   901.6,   437.0, 32768.0, ...
2263654,  1177.6,   903.2,   437.0, 32768.0, ...
2263656,  1177.2,   904.7,   437.0, 32768.0, ...
2263658,  1176.7,   905.8,   436.0, 32768.0, ...
2263660,  1176.2,   906.7,   436.0, 32768.0, ...
2263662,  1175.6,   907.5,   436.0, 32768.0, ...
2263664,  1175.2,   909.0,   436.0, 32768.0, ...
2263666,  1175.4,   910.5,   435.0, 32768.0, ...
2263668,  1175.7,   911.9,   435.0, 32768.0, ...
2263670,  1176.5,   914.2,   436.0, 32768.0, ...
2263672,  1177.4,   916.4,   436.0, 32768.0, ...
2263674,  1178.3,   919.6,   436.0, 32768.0, ...
2263676,  1179.4,   922.6,   437.0, 32768.0, ...
2263678,  1180.4,   924.6,   438.0, 32768.0, ...
2263680,  1180.7,   926.7,   439.0, 32768.0, ...
2263682,  1181.0,   928.7,   440.0, 32768.0, ...
2263684,  1181.0,   930.6,   441.0, 32768.0, ...
2263686,  1180.7,   932.5,   441.0, 32768.0, ...
2263688,  1180.4,   933.2,   442.0, 32768.0, ...
2263690,  1179.7,   933.9,   441.0, 32768.0, ...
2263692,  1179.1,   934.6,   440.0, 32768.0, ...
2263694,  1178.4,   935.1,   439.0, 32768.0, ...
2263696,  1177.9,   935.5,   437.0, 32768.0, ...
2263698,  1177.7,   935.3,   436.0, 32768.0, ...
2263700,  1177.5,   935.0,   435.0, 32768.0, ...
2263702,  1177.4,   934.7,   434.0, 32768.0, ...
2263704,  1177.4,   934.4,   434.0, 32768.0, ...
2263706,  1177.4,   934.1,   434.0, 32768.0, ...
2263708,  1177.4,   933.7,   435.0, 32768.0, ...
2263710,  1177.5,   933.5,   435.0, 32768.0, ...
2263712,  1177.6,   933.3,   436.0, 32768.0, ...
2263714,  1179.2,   934.1,   436.0, 32768.0, ...
2263716,  1180.7,   935.3,   435.0, 32768.0, ...
2263718,  1183.7,   938.3,   434.0, 32768.0, ...
2263720,  1187.4,   941.5,   434.0, 32768.0, ...
2263722,  1191.1,   944.8,   433.0, 32768.0, ...
2263724,  1194.7,   948.0,   433.0, 32768.0, ...
2263726,  1198.2,   951.0,   432.0, 32768.0, ...
2263728,  1200.0,   953.0,   432.0, 32768.0, ...
2263730,  1201.8,   954.6,   433.0, 32768.0, ...
2263732,  1202.1,   954.4,   433.0, 32768.0, ...
2263734,  1201.6,   954.1,   434.0, 32768.0, ...
2263736,  1201.0,   953.8,   434.0, 32768.0, ...
2263738,  1200.5,   953.6,   434.0, 32768.0, ...
2263740,  1200.1,   953.6,   435.0, 32768.0, ...
2263742,  1199.8,   953.8,   435.0, 32768.0, ...
2263744,  1199.5,   954.0,   435.0, 32768.0, ...
2263746,  1199.1,   954.2,   435.0, 32768.0, ...
2263748,  1198.8,   954.4,   436.0, 32768.0, ...
2263750,  1198.1,   954.5,   436.0, 32768.0, ...
2263752,  1197.4,   954.6,   436.0, 32768.0, ...
2263754,  1196.7,   954.6,   436.0, 32768.0, ...
2263756,  1196.1,   954.4,   436.0, 32768.0, ...
2263758,  1195.6,   954.3,   436.0, 32768.0, ...
2263760,  1195.2,   954.1,   436.0, 32768.0, ...
2263762,  1194.7,   954.0,   436.0, 32768.0, ...
2263764,  1194.8,   954.1,   436.0, 32768.0, ...
2263766,  1195.1,   954.1,   437.0, 32768.0, ...
2263768,  1195.3,   954.2,   437.0, 32768.0, ...
2263770,  1195.6,   954.3,   438.0, 32768.0, ...
2263772,  1195.8,   954.4,   440.0, 32768.0, ...
2263774,  1196.0,   954.4,   441.0, 32768.0, ...
2263776,  1196.2,   954.4,   442.0, 32768.0, ...
2263778,  1196.4,   954.4,   443.0, 32768.0, ...
2263780,  1196.4,   954.5,   444.0, 32768.0, ...
2263782,  1196.2,   954.9,   445.0, 32768.0, ...
2263784,  1196.0,   955.2,   445.0, 32768.0, ...
2263786,  1195.7,   955.6,   445.0, 32768.0, ...
2263788,  1195.3,   955.9,   445.0, 32768.0, ...
2263790,  1195.0,   956.3,   445.0, 32768.0, ...
2263792,  1194.8,   956.6,   445.0, 32768.0, ...
2263794,  1194.6,   957.0,   445.0, 32768.0, ...
2263796,  1194.7,   957.0,   445.0, 32768.0, ...
2263798,  1194.7,   956.9,   445.0, 32768.0, ...
2263800,  1195.0,   957.0,   445.0, 32768.0, ...
2263802,  1195.2,   957.2,   445.0, 32768.0, ...
2263804,  1195.5,   957.7,   445.0, 32768.0, ...
2263806,  1195.7,   958.5,   446.0, 32768.0, ...
2263808,  1195.9,   959.7,   446.0, 32768.0, ...
2263810,  1196.1,   960.8,   446.0, 32768.0, ...
2263812,  1196.3,   961.9,   446.0, 32768.0, ...
2263814,  1196.4,   963.0,   446.0, 32768.0, ...
2263816,  1196.5,   963.8,   446.0, 32768.0, ...
2263818,  1196.5,   964.3,   446.0, 32768.0, ...
2263820,  1196.8,   964.5,   446.0, 32768.0, ...
2263822,  1197.1,   964.4,   446.0, 32768.0, ...
2263824,  1197.3,   964.3,   447.0, 32768.0, ...
2263826,  1197.5,   964.2,   447.0, 32768.0, ...
2263828,  1197.6,   964.1,   447.0, 32768.0, ...
2263830,  1197.2,   963.8,   447.0, 32768.0, ...
2263832,  1196.9,   963.0,   447.0, 32768.0, ...
2263834,  1196.4,   962.2,   447.0, 32768.0, ...
2263836,  1195.9,   961.2,   446.0, 32768.0, ...
2263838,  1195.5,   960.3,   445.0, 32768.0, ...
2263840,  1195.2,   959.6,   445.0, 32768.0, ...
2263842,  1195.2,   959.6,   444.0, 32768.0, ...
2263844,  1195.6,   959.9,   444.0, 32768.0, ...
2263846,  1196.0,   960.8,   444.0, 32768.0, ...
2263848,  1196.3,   961.6,   444.0, 32768.0, ...
2263850,  1196.7,   962.6,   444.0, 32768.0, ...
2263852,  1196.9,   963.0,   444.0, 32768.0, ...
2263854,  1197.1,   963.3,   444.0, 32768.0, ...
2263856,  1197.2,   962.8,   443.0, 32768.0, ...
2263858,  1197.2,   962.1,   442.0, 32768.0, ...
2263860,  1197.3,   961.2,   442.0, 32768.0, ...
EFIX L   2263582, 2263860, 280,  1186.9,   925.3,     450
SSACC L  2263862
2263862,  1197.3,   959.3,   441.0, 32768.0, ...
2263864,  1197.2,   954.6,   441.0, 32768.0, ...
2263866,  1197.1,   950.3,   441.0, 32768.0, ...
2263868,  1196.9,   940.7,   440.0, 32768.0, ...
2263870,  1196.6,   924.7,   439.0, 32768.0, ...
2263872,  1196.3,   903.6,   438.0, 32768.0, ...
2263874,  1195.9,   881.4,   437.0, 32768.0, ...
2263876,  1195.6,   852.6,   435.0, 32768.0, ...
2263878,  1195.4,   824.4,   434.0, 32768.0, ...
2263880,  1195.3,   794.7,   432.0, 32768.0, ...
2263882,  1196.2,   770.2,   431.0, 32768.0, ...
2263884,  1197.2,   751.9,   431.0, 32768.0, ...
2263886,  1198.3,   736.6,   431.0, 32768.0, ...
2263888,  1199.4,   722.7,   432.0, 32768.0, ...
2263890,  1200.6,   716.4,   432.0, 32768.0, ...
2263892,  1201.9,   711.6,   433.0, 32768.0, ...
2263894,  1203.2,   708.6,   434.0, 32768.0, ...
2263896,  1203.7,   705.6,   434.0, 32768.0, ...
2263898,  1204.3,   702.7,   434.0, 32768.0, ...
ESACC L  2263862, 2263898, 38,  1197.3,   959.3,  1204.3,   702.7,    4.72,     256
SFIX L   2263900
2263900,  1204.8,   702.1,   434.0, 32768.0, ...
2263902,  1205.7,   701.5,   434.0, 32768.0, ...
2263904,  1206.4,   700.8,   433.0, 32768.0, ...
2263906,  1206.9,   700.3,   433.0, 32768.0, ...
2263908,  1207.5,   699.8,   432.0, 32768.0, ...
2263910,  1207.7,   699.2,   432.0, 32768.0, ...
2263912,  1208.0,   698.7,   431.0, 32768.0, ...
2263914,  1208.2,   698.5,   431.0, 32768.0, ...
2263916,  1208.2,   699.1,   431.0, 32768.0, ...
2263918,  1208.2,   700.4,   432.0, 32768.0, ...
2263920,  1208.3,   702.3,   433.0, 32768.0, ...
2263922,  1208.9,   704.2,   434.0, 32768.0, ...
2263924,  1209.4,   706.6,   435.0, 32768.0, ...
2263926,  1210.1,   709.9,   436.0, 32768.0, ...
2263928,  1210.9,   713.0,   438.0, 32768.0, ...
2263930,  1211.8,   715.3,   439.0, 32768.0, ...
2263932,  1212.6,   716.8,   440.0, 32768.0, ...
2263934,  1212.6,   717.7,   441.0, 32768.0, ...
2263936,  1212.2,   717.4,   441.0, 32768.0, ...
2263938,  1211.8,   716.6,   442.0, 32768.0, ...
2263940,  1211.1,   714.7,   442.0, 32768.0, ...
2263942,  1210.3,   712.8,   441.0, 32768.0, ...
2263944,  1209.6,   711.0,   441.0, 32768.0, ...
2263946,  1209.0,   709.2,   441.0, 32768.0, ...
2263948,  1208.9,   707.9,   440.0, 32768.0, ...
2263950,  1209.0,   707.3,   440.0, 32768.0, ...
2263952,  1209.1,   706.7,   440.0, 32768.0, ...
2263954,  1209.2,   706.0,   440.0, 32768.0, ...
2263956,  1209.1,   705.2,   439.0, 32768.0, ...
2263958,  1209.0,   704.4,   439.0, 32768.0, ...
2263960,  1208.7,   703.7,   438.0, 32768.0, ...
2263962,  1208.6,   703.2,   437.0, 32768.0, ...
2263964,  1208.5,   703.2,   437.0, 32768.0, ...
2263966,  1208.5,   703.2,   437.0, 32768.0, ...
2263968,  1208.6,   702.8,   437.0, 32768.0, ...
2263970,  1208.7,   702.4,   437.0, 32768.0, ...
2263972,  1209.0,   702.2,   437.0, 32768.0, ...
2263974,  1209.3,   701.9,   437.0, 32768.0, ...
2263976,  1209.4,   701.4,   438.0, 32768.0, ...
2263978,  1209.5,   700.6,   438.0, 32768.0, ...
2263980,  1209.6,   699.7,   437.0, 32768.0, ...
2263982,  1209.6,   699.2,   437.0, 32768.0, ...
2263984,  1209.6,   698.6,   437.0, 32768.0, ...
2263986,  1209.7,   698.1,   436.0, 32768.0, ...
2263988,  1209.7,   697.8,   436.0, 32768.0, ...
2263990,  1209.8,   697.6,   436.0, 32768.0, ...
2263992,  1209.9,   698.0,   436.0, 32768.0, ...
2263994,  1210.0,   698.7,   436.0, 32768.0, ...
2263996,  1210.1,   699.4,   436.0, 32768.0, ...
2263998,  1210.1,   700.1,   436.0, 32768.0, ...
2264000,  1210.0,   700.8,   436.0, 32768.0, ...
2264002,  1209.7,   701.3,   435.0, 32768.0, ...
2264004,  1209.5,   701.7,   435.0, 32768.0, ...
2264006,  1209.3,   702.0,   435.0, 32768.0, ...
2264008,  1209.1,   701.9,   435.0, 32768.0, ...
2264010,  1208.9,   701.8,   435.0, 32768.0, ...
2264012,  1208.6,   701.8,   435.0, 32768.0, ...
2264014,  1208.3,   702.0,   436.0, 32768.0, ...
2264016,  1208.1,   702.4,   436.0, 32768.0, ...
2264018,  1207.9,   702.6,   436.0, 32768.0, ...
2264020,  1207.7,   702.8,   435.0, 32768.0, ...
2264022,  1207.3,   702.6,   434.0, 32768.0, ...
2264024,  1206.7,   702.0,   434.0, 32768.0, ...
2264026,  1206.1,   701.4,   433.0, 32768.0, ...
2264028,  1205.7,   700.5,   431.0, 32768.0, ...
2264030,  1205.2,   699.6,   430.0, 32768.0, ...
2264032,  1204.7,   698.7,   429.0, 32768.0, ...
2264034,  1204.3,   698.3,   429.0, 32768.0, ...
2264036,  1204.1,   698.3,   429.0, 32768.0, ...
2264038,  1204.0,   698.6,   429.0, 32768.0, ...
2264040,  1204.1,   698.8,   429.0, 32768.0, ...
2264042,  1204.2,   699.2,   430.0, 32768.0, ...
2264044,  1204.9,   699.5,   430.0, 32768.0, ...
2264046,  1205.7,   699.9,   430.0, 32768.0, ...
2264048,  1206.6,   700.7,   430.0, 32768.0, ...
2264050,  1207.6,   701.5,   431.0, 32768.0, ...
2264052,  1208.5,   702.5,   431.0, 32768.0, ...
2264054,  1209.6,   703.7,   432.0, 32768.0, ...
2264056,  1210.6,   705.0,   433.0, 32768.0, ...
2264058,  1211.0,   706.4,   433.0, 32768.0, ...
2264060,  1211.3,   707.5,   434.0, 32768.0, ...
2264062,  1211.6,   707.7,   434.0, 32768.0, ...
2264064,  1211.7,   707.9,   435.0, 32768.0, ...
2264066,  1211.8,   707.8,   434.0, 32768.0, ...
2264068,  1211.6,   707.3,   434.0, 32768.0, ...
2264070,  1211.2,   706.6,   433.0, 32768.0, ...
2264072,  1210.8,   705.7,   432.0, 32768.0, ...
2264074,  1210.4,   704.8,   432.0, 32768.0, ...
2264076,  1210.0,   704.1,   431.0, 32768.0, ...
2264078,  1209.8,   703.4,   430.0, 32768.0, ...
2264080,  1209.7,   702.8,   430.0, 32768.0, ...
2264082,  1209.7,   702.2,   430.0, 32768.0, ...
2264084,  1210.0,   701.2,   429.0, 32768.0, ...
2264086,  1210.3,   700.3,   428.0, 32768.0, ...
2264088,  1210.4,   699.5,   427.0, 32768.0, ...
2264090,  1210.2,   698.9,   427.0, 32768.0, ...
2264092,  1209.6,   698.5,   427.0, 32768.0, ...
2264094,  1208.7,   698.0,   426.0, 32768.0, ...
2264096,  1207.8,   697.4,   426.0, 32768.0, ...
2264098,  1206.9,   696.5,   427.0, 32768.0, ...
2264100,  1206.1,   695.6,   427.0, 32768.0, ...
2264102,  1205.5,   694.9,   427.0, 32768.0, ...
2264104,  1205.3,   694.0,   426.0, 32768.0, ...
2264106,  1205.7,   693.0,   426.0, 32768.0, ...
2264108,  1206.0,   692.3,   425.0, 32768.0, ...
2264110,  1206.3,   691.7,   425.0, 32768.0, ...
2264112,  1206.5,   691.9,   425.0, 32768.0, ...
2264114,  1206.7,   695.1,   424.0, 32768.0, ...
2264116,  1207.1,   698.5,   424.0, 32768.0, ...
2264118,  1207.2,   702.2,   425.0, 32768.0, ...
2264120,  1207.1,   706.1,   425.0, 32768.0, ...
2264122,  1207.0,   709.9,   426.0, 32768.0, ...
2264124,  1207.0,   713.8,   426.0, 32768.0, ...
2264126,  1207.2,   717.9,   427.0, 32768.0, ...
2264128,  1207.3,   718.8,   428.0, 32768.0, ...
2264130,  1207.4,   720.3,   430.0, 32768.0, ...
2264132,  1207.5,   721.6,   431.0, 32768.0, ...
2264134,  1207.6,   722.8,   431.0, 32768.0, ...
2264136,  1207.7,   724.0,   432.0, 32768.0, ...
2264138,  1207.8,   725.4,   432.0, 32768.0, ...
2264140,  1207.7,   726.6,   432.0, 32768.0, ...
2264142,  1207.6,   727.7,   431.0, 32768.0, ...
2264144,  1207.4,   728.0,   431.0, 32768.0, ...
2264146,  1207.3,   728.4,   431.0, 32768.0, ...
2264148,  1207.3,   728.8,   432.0, 32768.0, ...
2264150,  1207.3,   729.1,   433.0, 32768.0, ...
2264152,  1207.5,   729.3,   434.0, 32768.0, ...
2264154,  1207.6,   729.6,   435.0, 32768.0, ...
2264156,  1207.9,   729.9,   436.0, 32768.0, ...
2264158,  1208.2,   730.3,   436.0, 32768.0, ...
2264160,  1208.6,   730.7,   437.0, 32768.0, ...
2264162,  1208.8,   731.0,   437.0, 32768.0, ...
2264164,  1208.9,   731.2,   437.0, 32768.0, ...
2264166,  1208.9,   731.3,   437.0, 32768.0, ...
2264168,  1208.4,   731.3,   436.0, 32768.0, ...
2264170,  1207.7,   730.1,   436.0, 32768.0, ...
2264172,  1206.8,   728.8,   436.0, 32768.0, ...
2264174,  1205.9,   727.4,   435.0, 32768.0, ...
2264176,  1205.0,   726.0,   434.0, 32768.0, ...
2264178,  1204.1,   724.7,   434.0, 32768.0, ...
2264180,  1203.3,   723.5,   433.0, 32768.0, ...
2264182,  1203.1,   722.3,   432.0, 32768.0, ...
2264184,  1203.1,   722.4,   432.0, 32768.0, ...
2264186,  1203.5,   722.4,   431.0, 32768.0, ...
2264188,  1204.3,   722.4,   431.0, 32768.0, ...
2264190,  1205.1,   722.2,   432.0, 32768.0, ...
2264192,  1205.9,   722.1,   432.0, 32768.0, ...
2264194,  1206.7,   722.2,   432.0, 32768.0, ...
2264196,  1207.4,   722.2,   432.0, 32768.0, ...
2264198,  1207.9,   722.2,   432.0, 32768.0, ...
2264200,  1208.2,   722.2,   431.0, 32768.0, ...
2264202,  1208.0,   722.3,   431.0, 32768.0, ...
2264204,  1207.8,   722.6,   430.0, 32768.0, ...
2264206,  1207.6,   722.5,   430.0, 32768.0, ...
2264208,  1207.5,   722.1,   429.0, 32768.0, ...
2264210,  1207.3,   720.8,   428.0, 32768.0, ...
2264212,  1207.2,   719.6,   427.0, 32768.0, ...
2264214,  1207.1,   718.2,   427.0, 32768.0, ...
2264216,  1207.1,   716.8,   426.0, 32768.0, ...
2264218,  1207.2,   715.3,   426.0, 32768.0, ...
2264220,  1207.4,   714.1,   425.0, 32768.0, ...
2264222,  1207.5,   713.0,   425.0, 32768.0, ...
2264224,  1207.6,   712.8,   424.0, 32768.0, ...
2264226,  1207.9,   712.8,   424.0, 32768.0, ...
2264228,  1208.2,   712.9,   423.0, 32768.0, ...
2264230,  1208.4,   713.1,   423.0, 32768.0, ...
2264232,  1208.5,   713.1,   422.0, 32768.0, ...
2264234,  1208.7,   713.0,   422.0, 32768.0, ...
2264236,  1208.9,   712.8,   422.0, 32768.0, ...
2264238,  1209.0,   712.7,   422.0, 32768.0, ...
2264240,  1209.0,   712.3,   421.0, 32768.0, ...
2264242,  1209.0,   712.0,   421.0, 32768.0, ...
2264244,  1209.0,   711.6,   420.0, 32768.0, ...
2264246,  1209.1,   711.3,   420.0, 32768.0, ...
2264248,  1209.1,   710.8,   419.0, 32768.0, ...
2264250,  1209.1,   710.4,   418.0, 32768.0, ...
2264252,  1209.0,   710.0,   417.0, 32768.0, ...
2264254,  1208.9,   709.4,   417.0, 32768.0, ...
2264256,  1208.7,   709.0,   416.0, 32768.0, ...
2264258,  1208.5,   708.7,   416.0, 32768.0, ...
2264260,  1208.0,   708.6,   415.0, 32768.0, ...
2264262,  1207.4,   709.0,   416.0, 32768.0, ...
2264264,  1206.4,   709.3,   416.0, 32768.0, ...
2264266,  1205.4,   709.7,   417.0, 32768.0, ...
EFIX L   2263900, 2264266, 368,  1208.1,   709.4,     431
SSACC L  2264268
2264268,  1204.5,   709.9,   419.0, 32768.0, ...
2264270,  1203.7,   709.8,   421.0, 32768.0, ...
2264272,  1202.5,   707.4,   422.0, 32768.0, ...
2264274,  1199.9,   699.6,   423.0, 32768.0, ...
2264276,  1197.3,   688.1,   424.0, 32768.0, ...
2264278,  1195.1,   674.0,   425.0, 32768.0, ...
2264280,  1192.9,   656.7,   425.0, 32768.0, ...
2264282,  1190.8,   636.8,   425.0, 32768.0, ...
2264284,  1188.9,   615.2,   424.0, 32768.0, ...
2264286,  1187.5,   593.4,   424.0, 32768.0, ...
2264288,  1187.9,   574.8,   423.0, 32768.0, ...
2264290,  1188.8,   556.8,   422.0, 32768.0, ...
2264292,  1189.7,   538.9,   421.0, 32768.0, ...
2264294,  1190.6,   522.4,   420.0, 32768.0, ...
2264296,  1191.6,   506.8,   420.0, 32768.0, ...
2264298,  1192.4,   492.7,   419.0, 32768.0, ...
2264300,  1193.1,   480.8,   419.0, 32768.0, ...
2264302,  1193.7,   470.8,   418.0, 32768.0, ...
2264304,  1194.1,   463.8,   418.0, 32768.0, ...
2264306,  1194.7,   459.6,   418.0, 32768.0, ...
2264308,  1195.4,   457.3,   418.0, 32768.0, ...
2264310,  1195.8,   457.0,   418.0, 32768.0, ...
ESACC L  2264268, 2264310, 44,  1204.5,   709.9,  1195.8,   457.0,    4.73,     191
SFIX L   2264312
2264312,  1196.3,   457.0,   418.0, 32768.0, ...
2264314,  1196.7,   457.0,   419.0, 32768.0, ...
2264316,  1197.1,   457.0,   419.0, 32768.0, ...
2264318,  1197.2,   456.7,   420.0, 32768.0, ...
2264320,  1197.0,   455.9,   420.0, 32768.0, ...
2264322,  1196.8,   455.2,   421.0, 32768.0, ...
2264324,  1196.6,   454.3,   421.0, 32768.0, ...
2264326,  1196.4,   453.3,   421.0, 32768.0, ...
2264328,  1196.2,   452.6,   421.0, 32768.0, ...
2264330,  1195.9,   452.0,   422.0, 32768.0, ...
2264332,  1195.8,   451.5,   422.0, 32768.0, ...
2264334,  1195.6,   451.1,   422.0, 32768.0, ...
2264336,  1195.4,   450.8,   422.0, 32768.0, ...
2264338,  1195.2,   450.8,   422.0, 32768.0, ...
2264340,  1195.0,   451.0,   422.0, 32768.0, ...
2264342,  1195.2,   451.4,   422.0, 32768.0, ...
2264344,  1195.5,   451.8,   422.0, 32768.0, ...
2264346,  1195.9,   452.1,   422.0, 32768.0, ...
2264348,  1196.3,   452.3,   422.0, 32768.0, ...
2264350,  1196.7,   452.4,   422.0, 32768.0, ...
2264352,  1197.1,   452.4,   421.0, 32768.0, ...
2264354,  1197.5,   452.4,   421.0, 32768.0, ...
2264356,  1197.5,   452.0,   421.0, 32768.0, ...
2264358,  1197.5,   451.6,   421.0, 32768.0, ...
2264360,  1197.6,   451.3,   421.0, 32768.0, ...
2264362,  1197.7,   451.2,   420.0, 32768.0, ...
2264364,  1197.7,   451.2,   420.0, 32768.0, ...
2264366,  1197.8,   451.2,   420.0, 32768.0, ...
2264368,  1197.9,   451.1,   420.0, 32768.0, ...
2264370,  1198.0,   451.0,   420.0, 32768.0, ...
2264372,  1198.0,   451.1,   420.0, 32768.0, ...
2264374,  1198.1,   450.8,   420.0, 32768.0, ...
2264376,  1198.2,   450.4,   420.0, 32768.0, ...
2264378,  1198.3,   449.9,   420.0, 32768.0, ...
2264380,  1198.3,   449.4,   420.0, 32768.0, ...
2264382,  1198.1,   448.8,   420.0, 32768.0, ...
2264384,  1197.9,   448.2,   420.0, 32768.0, ...
2264386,  1197.6,   447.4,   420.0, 32768.0, ...
2264388,  1197.2,   447.0,   419.0, 32768.0, ...
2264390,  1196.8,   446.8,   419.0, 32768.0, ...
2264392,  1196.5,   446.8,   419.0, 32768.0, ...
2264394,  1195.8,   446.7,   419.0, 32768.0, ...
2264396,  1195.4,   446.8,   419.0, 32768.0, ...
2264398,  1194.9,   446.9,   419.0, 32768.0, ...
2264400,  1194.5,   447.1,   419.0, 32768.0, ...
2264402,  1194.0,   447.2,   419.0, 32768.0, ...
2264404,  1193.6,   447.4,   419.0, 32768.0, ...
2264406,  1193.2,   447.5,   420.0, 32768.0, ...
2264408,  1193.1,   447.7,   420.0, 32768.0, ...
2264410,  1193.0,   448.0,   421.0, 32768.0, ...
2264412,  1192.9,   448.7,   421.0, 32768.0, ...
2264414,  1192.8,   449.4,   422.0, 32768.0, ...
2264416,  1192.7,   449.9,   422.0, 32768.0, ...
2264418,  1192.8,   450.4,   422.0, 32768.0, ...
2264420,  1192.9,   451.0,   422.0, 32768.0, ...
2264422,  1192.9,   451.5,   422.0, 32768.0, ...
2264424,  1193.1,   452.1,   422.0, 32768.0, ...
2264426,  1193.2,   452.1,   422.0, 32768.0, ...
2264428,  1193.4,   452.2,   422.0, 32768.0, ...
2264430,  1193.6,   452.2,   422.0, 32768.0, ...
2264432,  1194.0,   452.3,   422.0, 32768.0, ...
2264434,  1194.3,   452.6,   422.0, 32768.0, ...
2264436,  1194.6,   452.8,   422.0, 32768.0, ...
2264438,  1195.0,   453.5,   422.0, 32768.0, ...
2264440,  1195.3,   453.9,   422.0, 32768.0, ...
2264442,  1195.6,   454.4,   423.0, 32768.0, ...
2264444,  1195.9,   455.1,   423.0, 32768.0, ...
2264446,  1195.9,   455.5,   424.0, 32768.0, ...
2264448,  1196.0,   455.8,   424.0, 32768.0, ...
2264450,  1195.9,   456.0,   423.0, 32768.0, ...
2264452,  1195.7,   455.8,   423.0, 32768.0, ...
2264454,  1195.6,   455.5,   422.0, 32768.0, ...
2264456,  1195.4,   455.2,   422.0, 32768.0, ...
2264458,  1195.2,   454.9,   422.0, 32768.0, ...
2264460,  1195.1,   454.8,   421.0, 32768.0, ...
2264462,  1194.9,   454.9,   421.0, 32768.0, ...
2264464,  1195.1,   455.1,   421.0, 32768.0, ...
2264466,  1195.5,   455.7,   421.0, 32768.0, ...
2264468,  1195.9,   456.4,   422.0, 32768.0, ...
2264470,  1196.4,   457.1,   423.0, 32768.0, ...
2264472,  1196.8,   457.7,   423.0, 32768.0, ...
2264474,  1197.1,   457.8,   423.0, 32768.0, ...
2264476,  1197.5,   457.7,   423.0, 32768.0, ...
2264478,  1197.7,   457.3,   423.0, 32768.0, ...
2264480,  1197.7,   456.4,   422.0, 32768.0, ...
2264482,  1197.3,   455.4,   422.0, 32768.0, ...
2264484,  1197.0,   454.5,   421.0, 32768.0, ...
2264486,  1196.6,   453.9,   420.0, 32768.0, ...
2264488,  1196.3,   453.8,   419.0, 32768.0, ...
2264490,  1195.9,   453.9,   419.0, 32768.0, ...
2264492,  1195.5,   454.2,   419.0, 32768.0, ...
2264494,  1195.1,   454.6,   419.0, 32768.0, ...
2264496,  1194.9,   455.1,   419.0, 32768.0, ...
2264498,  1194.8,   455.6,   419.0, 32768.0, ...
2264500,  1194.8,   456.0,   419.0, 32768.0, ...
2264502,  1195.0,   456.3,   418.0, 32768.0, ...
2264504,  1195.2,   456.6,   418.0, 32768.0, ...
2264506,  1195.5,   456.8,   417.0, 32768.0, ...
2264508,  1196.0,   457.2,   417.0, 32768.0, ...
2264510,  1196.5,   457.7,   417.0, 32768.0, ...
2264512,  1197.0,   458.4,   416.0, 32768.0, ...
2264514,  1197.4,   459.1,   416.0, 32768.0, ...
2264516,  1197.5,   459.7,   417.0, 32768.0, ...
2264518,  1197.7,   460.3,   417.0, 32768.0, ...
2264520,  1197.7,   460.9,   418.0, 32768.0, ...
2264522,  1197.5,   461.0,   419.0, 32768.0, ...
2264524,  1197.3,   460.9,   419.0, 32768.0, ...
EFIX L   2264312, 2264524, 214,  1195.9,   453.2,     421
SSACC L  2264526
2264526,  1197.0,   459.2,   419.0, 32768.0, ...
2264528,  1196.9,   455.2,   420.0, 32768.0, ...
2264530,  1196.8,   449.0,   420.0, 32768.0, ...
2264532,  1197.0,   441.6,   420.0, 32768.0, ...
2264534,  1197.2,   432.9,   420.0, 32768.0, ...
2264536,  1197.5,   424.1,   419.0, 32768.0, ...
2264538,  1197.9,   415.4,   419.0, 32768.0, ...
2264540,  1198.7,   407.9,   418.0, 32768.0, ...
2264542,  1199.6,   402.3,   417.0, 32768.0, ...
2264544,  1200.8,   398.9,   416.0, 32768.0, ...
2264546,  1202.0,   396.7,   415.0, 32768.0, ...
ESACC L  2264526, 2264546, 22,  1197.0,   459.2,  1202.0,   396.7,    1.18,      79
SFIX L   2264548
2264548,  1203.4,   396.0,   415.0, 32768.0, ...
2264550,  1204.8,   395.6,   414.0, 32768.0, ...
2264552,  1206.0,   395.4,   414.0, 32768.0, ...
2264554,  1206.6,   395.4,   414.0, 32768.0, ...
2264556,  1206.9,   395.8,   415.0, 32768.0, ...
2264558,  1207.0,   396.1,   416.0, 32768.0, ...
2264560,  1206.8,   396.1,   416.0, 32768.0, ...
2264562,  1206.6,   395.9,   417.0, 32768.0, ...
2264564,  1206.4,   395.6,   418.0, 32768.0, ...
2264566,  1206.3,   395.3,   418.0, 32768.0, ...
2264568,  1206.4,   395.1,   418.0, 32768.0, ...
2264570,  1206.4,   394.8,   417.0, 32768.0, ...
2264572,  1206.0,   394.7,   417.0, 32768.0, ...
2264574,  1205.7,   394.8,   416.0, 32768.0, ...
2264576,  1205.1,   394.9,   416.0, 32768.0, ...
2264578,  1204.6,   395.1,   415.0, 32768.0, ...
2264580,  1204.0,   395.3,   415.0, 32768.0, ...
2264582,  1203.5,   395.4,   415.0, 32768.0, ...
2264584,  1203.1,   395.4,   415.0, 32768.0, ...
2264586,  1202.9,   395.3,   415.0, 32768.0, ...
2264588,  1202.8,   395.4,   416.0, 32768.0, ...
2264590,  1202.8,   395.3,   416.0, 32768.0, ...
2264592,  1202.9,   395.3,   416.0, 32768.0, ...
2264594,  1203.0,   395.3,   416.0, 32768.0, ...
2264596,  1203.4,   395.5,   416.0, 32768.0, ...
2264598,  1203.9,   395.6,   416.0, 32768.0, ...
2264600,  1204.3,   396.2,   416.0, 32768.0, ...
2264602,  1204.7,   396.7,   416.0, 32768.0, ...
2264604,  1205.1,   397.2,   416.0, 32768.0, ...
2264606,  1205.5,   397.6,   415.0, 32768.0, ...
2264608,  1205.7,   397.7,   415.0, 32768.0, ...
2264610,  1205.7,   397.4,   414.0, 32768.0, ...
2264612,  1205.7,   397.1,   414.0, 32768.0, ...
2264614,  1205.7,   396.6,   414.0, 32768.0, ...
2264616,  1205.6,   395.8,   413.0, 32768.0, ...
2264618,  1205.5,   395.3,   413.0, 32768.0, ...
2264620,  1205.4,   395.0,   413.0, 32768.0, ...
2264622,  1205.3,   394.9,   413.0, 32768.0, ...
2264624,  1205.2,   395.1,   413.0, 32768.0, ...
2264626,  1205.2,   395.6,   414.0, 32768.0, ...
2264628,  1205.1,   396.3,   414.0, 32768.0, ...
2264630,  1205.0,   397.0,   414.0, 32768.0, ...
2264632,  1205.0,   397.6,   414.0, 32768.0, ...
2264634,  1204.9,   398.0,   414.0, 32768.0, ...
2264636,  1204.9,   398.4,   414.0, 32768.0, ...
2264638,  1204.5,   398.7,   414.0, 32768.0, ...
2264640,  1204.2,   398.8,   413.0, 32768.0, ...
2264642,  1203.8,   398.8,   413.0, 32768.0, ...
2264644,  1203.2,   398.5,   413.0, 32768.0, ...
2264646,  1202.7,   398.2,   412.0, 32768.0, ...
2264648,  1202.2,   397.9,   412.0, 32768.0, ...
2264650,  1201.7,   397.3,   412.0, 32768.0, ...
2264652,  1201.5,   396.7,   412.0, 32768.0, ...
2264654,  1201.5,   396.1,   412.0, 32768.0, ...
2264656,  1201.5,   395.5,   411.0, 32768.0, ...
2264658,  1201.8,   395.1,   411.0, 32768.0, ...
2264660,  1202.4,   394.7,   411.0, 32768.0, ...
2264662,  1203.0,   394.4,   411.0, 32768.0, ...
2264664,  1203.6,   394.4,   412.0, 32768.0, ...
2264666,  1204.3,   395.0,   412.0, 32768.0, ...
2264668,  1205.0,   395.8,   412.0, 32768.0, ...
2264670,  1205.7,   397.0,   413.0, 32768.0, ...
2264672,  1206.3,   398.2,   413.0, 32768.0, ...
2264674,  1206.6,   399.4,   413.0, 32768.0, ...
2264676,  1206.6,   400.5,   413.0, 32768.0, ...
2264678,  1206.5,   401.3,   414.0, 32768.0, ...
2264680,  1206.3,   401.4,   414.0, 32768.0, ...
2264682,  1206.0,   401.4,   414.0, 32768.0, ...
2264684,  1205.8,   401.1,   414.0, 32768.0, ...
2264686,  1205.4,   400.8,   414.0, 32768.0, ...
2264688,  1204.9,   400.4,   414.0, 32768.0, ...
2264690,  1204.7,   400.1,   414.0, 32768.0, ...
2264692,  1204.6,   399.8,   414.0, 32768.0, ...
2264694,  1204.5,   399.6,   414.0, 32768.0, ...
2264696,  1204.4,   399.3,   414.0, 32768.0, ...
2264698,  1204.4,   399.1,   414.0, 32768.0, ...
2264700,  1204.6,   398.9,   414.0, 32768.0, ...
2264702,  1205.0,   398.7,   414.0, 32768.0, ...
2264704,  1205.4,   398.9,   414.0, 32768.0, ...
2264706,  1205.7,   399.2,   415.0, 32768.0, ...
2264708,  1205.9,   399.8,   415.0, 32768.0, ...
2264710,  1206.1,   400.4,   415.0, 32768.0, ...
2264712,  1206.2,   400.9,   415.0, 32768.0, ...
2264714,  1206.2,   401.3,   415.0, 32768.0, ...
2264716,  1206.1,   401.5,   415.0, 32768.0, ...
2264718,  1206.0,   401.3,   415.0, 32768.0, ...
2264720,  1205.9,   401.0,   415.0, 32768.0, ...
2264722,  1205.7,   400.5,   415.0, 32768.0, ...
2264724,  1205.4,   400.0,   415.0, 32768.0, ...
2264726,  1205.2,   399.6,   414.0, 32768.0, ...
2264728,  1204.8,   399.2,   414.0, 32768.0, ...
2264730,  1204.5,   399.2,   414.0, 32768.0, ...
2264732,  1204.1,   398.9,   414.0, 32768.0, ...
2264734,  1203.8,   398.7,   414.0, 32768.0, ...
2264736,  1203.6,   398.3,   413.0, 32768.0, ...
2264738,  1203.4,   398.3,   413.0, 32768.0, ...
2264740,  1203.3,   398.4,   412.0, 32768.0, ...
2264742,  1203.3,   398.7,   412.0, 32768.0, ...
2264744,  1203.3,   398.9,   411.0, 32768.0, ...
2264746,  1203.3,   399.1,   411.0, 32768.0, ...
2264748,  1203.3,   399.1,   411.0, 32768.0, ...
2264750,  1203.2,   398.7,   411.0, 32768.0, ...
2264752,  1203.1,   398.0,   411.0, 32768.0, ...
2264754,  1202.9,   397.5,   411.0, 32768.0, ...
2264756,  1202.7,   397.0,   411.0, 32768.0, ...
2264758,  1202.5,   396.5,   411.0, 32768.0, ...
2264760,  1202.1,   396.2,   411.0, 32768.0, ...
2264762,  1201.8,   396.0,   411.0, 32768.0, ...
2264764,  1201.5,   396.4,   410.0, 32768.0, ...
2264766,  1201.3,   396.9,   410.0, 32768.0, ...
2264768,  1201.1,   397.3,   410.0, 32768.0, ...
2264770,  1200.8,   397.6,   410.0, 32768.0, ...
2264772,  1200.3,   397.9,   410.0, 32768.0, ...
2264774,  1200.0,   398.3,   410.0, 32768.0, ...
2264776,  1199.7,   398.5,   411.0, 32768.0, ...
2264778,  1199.5,   398.8,   411.0, 32768.0, ...
2264780,  1199.5,   399.1,   411.0, 32768.0, ...
2264782,  1199.6,   399.5,   411.0, 32768.0, ...
2264784,  1200.0,   399.7,   411.0, 32768.0, ...
2264786,  1200.7,   400.1,   412.0, 32768.0, ...
2264788,  1201.5,   400.5,   412.0, 32768.0, ...
2264790,  1202.1,   400.8,   412.0, 32768.0, ...
2264792,  1202.6,   401.0,   412.0, 32768.0, ...
2264794,  1202.6,   401.0,   412.0, 32768.0, ...
2264796,  1202.4,   401.0,   412.0, 32768.0, ...
2264798,  1201.8,   400.9,   412.0, 32768.0, ...
2264800,  1201.2,   400.3,   412.0, 32768.0, ...
2264802,  1200.7,   399.6,   412.0, 32768.0, ...
2264804,  1200.6,   399.0,   412.0, 32768.0, ...
2264806,  1200.6,   398.5,   412.0, 32768.0, ...
2264808,  1201.1,   399.4,   412.0, 32768.0, ...
2264810,  1202.0,   400.3,   412.0, 32768.0, ...
2264812,  1203.6,   402.1,   412.0, 32768.0, ...
2264814,  1205.1,   404.4,   412.0, 32768.0, ...
2264816,  1206.5,   407.2,   413.0, 32768.0, ...
2264818,  1207.5,   410.0,   413.0, 32768.0, ...
2264820,  1208.3,   412.9,   413.0, 32768.0, ...
2264822,  1208.7,   414.6,   414.0, 32768.0, ...
2264824,  1208.9,   416.4,   414.0, 32768.0, ...
2264826,  1208.5,   417.5,   415.0, 32768.0, ...
2264828,  1208.0,   418.4,   415.0, 32768.0, ...
2264830,  1207.5,   418.9,   416.0, 32768.0, ...
2264832,  1207.1,   419.2,   416.0, 32768.0, ...
2264834,  1206.8,   419.5,   416.0, 32768.0, ...
2264836,  1206.5,   419.6,   416.0, 32768.0, ...
2264838,  1206.2,   419.5,   416.0, 32768.0, ...
2264840,  1206.0,   419.3,   416.0, 32768.0, ...
2264842,  1205.8,   419.0,   415.0, 32768.0, ...
2264844,  1205.7,   418.8,   415.0, 32768.0, ...
2264846,  1205.7,   418.7,   414.0, 32768.0, ...
2264848,  1205.8,   418.6,   414.0, 32768.0, ...
2264850,  1206.0,   418.6,   413.0, 32768.0, ...
2264852,  1206.1,   418.7,   413.0, 32768.0, ...
2264854,  1206.2,   418.9,   413.0, 32768.0, ...
2264856,  1206.3,   419.5,   412.0, 32768.0, ...
2264858,  1206.4,   419.9,   412.0, 32768.0, ...
2264860,  1206.3,   420.3,   412.0, 32768.0, ...
2264862,  1206.3,   420.6,   412.0, 32768.0, ...
2264864,  1206.1,   421.0,   411.0, 32768.0, ...
2264866,  1205.9,   421.3,   411.0, 32768.0, ...
2264868,  1205.8,   421.4,   411.0, 32768.0, ...
2264870,  1205.5,   421.1,   411.0, 32768.0, ...
2264872,  1205.3,   420.8,   410.0, 32768.0, ...
2264874,  1205.2,   420.4,   410.0, 32768.0, ...
2264876,  1205.0,   420.1,   410.0, 32768.0, ...
2264878,  1205.0,   419.7,   410.0, 32768.0, ...
2264880,  1204.9,   419.4,   410.0, 32768.0, ...
2264882,  1204.9,   419.4,   409.0, 32768.0, ...
2264884,  1205.0,   419.5,   409.0, 32768.0, ...
2264886,  1205.0,   419.7,   410.0, 32768.0, ...
2264888,  1205.0,   419.7,   410.0, 32768.0, ...
2264890,  1205.0,   419.8,   410.0, 32768.0, ...
2264892,  1204.4,   419.7,   410.0, 32768.0, ...
2264894,  1203.9,   419.5,   410.0, 32768.0, ...
2264896,  1203.3,   419.1,   410.0, 32768.0, ...
2264898,  1202.7,   418.7,   410.0, 32768.0, ...
2264900,  1202.1,   418.4,   409.0, 32768.0, ...
2264902,  1201.5,   418.2,   408.0, 32768.0, ...
2264904,  1201.0,   418.1,   408.0, 32768.0, ...
2264906,  1201.1,   417.8,   407.0, 32768.0, ...
2264908,  1201.3,   417.5,   407.0, 32768.0, ...
2264910,  1201.8,   417.1,   406.0, 32768.0, ...
2264912,  1202.4,   416.7,   406.0, 32768.0, ...
2264914,  1203.2,   416.4,   406.0, 32768.0, ...
2264916,  1204.1,   416.1,   407.0, 32768.0, ...
2264918,  1204.9,   415.8,   407.0, 32768.0, ...
2264920,  1206.0,   415.6,   408.0, 32768.0, ...
2264922,  1207.0,   415.5,   408.0, 32768.0, ...
2264924,  1207.8,   415.5,   409.0, 32768.0, ...
2264926,  1208.5,   415.5,   409.0, 32768.0, ...
2264928,  1208.8,   415.6,   410.0, 32768.0, ...
2264930,  1209.2,   415.8,   410.0, 32768.0, ...
2264932,  1209.6,   416.5,   410.0, 32768.0, ...
2264934,  1209.7,   417.4,   410.0, 32768.0, ...
2264936,  1209.6,   418.3,   410.0, 32768.0, ...
2264938,  1209.5,   419.1,   410.0, 32768.0, ...
2264940,  1209.3,   420.0,   410.0, 32768.0, ...
2264942,  1209.0,   420.7,   410.0, 32768.0, ...
2264944,  1208.7,   421.2,   410.0, 32768.0, ...
2264946,  1208.4,   421.3,   410.0, 32768.0, ...
2264948,  1208.0,   421.2,   410.0, 32768.0, ...
2264950,  1207.5,   421.1,   410.0, 32768.0, ...
2264952,  1207.0,   421.0,   410.0, 32768.0, ...
2264954,  1206.6,   421.1,   410.0, 32768.0, ...
2264956,  1206.3,   421.1,   410.0, 32768.0, ...
2264958,  1206.0,   421.3,   410.0, 32768.0, ...
2264960,  1205.7,   421.5,   410.0, 32768.0, ...
2264962,  1205.5,   421.8,   409.0, 32768.0, ...
2264964,  1205.4,   421.9,   409.0, 32768.0, ...
2264966,  1205.4,   421.8,   409.0, 32768.0, ...
2264968,  1205.4,   421.0,   409.0, 32768.0, ...
2264970,  1205.4,   420.3,   409.0, 32768.0, ...
2264972,  1205.4,   419.4,   409.0, 32768.0, ...
2264974,  1205.3,   418.5,   409.0, 32768.0, ...
2264976,  1205.1,   417.7,   408.0, 32768.0, ...
2264978,  1204.9,   417.0,   408.0, 32768.0, ...
2264980,  1204.6,   416.4,   408.0, 32768.0, ...
2264982,  1204.4,   416.4,   408.0, 32768.0, ...
2264984,  1205.0,   416.6,   408.0, 32768.0, ...
2264986,  1205.6,   416.9,   407.0, 32768.0, ...
2264988,  1206.3,   417.1,   407.0, 32768.0, ...
2264990,  1207.1,   417.6,   407.0, 32768.0, ...
2264992,  1207.9,   418.2,   407.0, 32768.0, ...
2264994,  1208.6,   419.1,   408.0, 32768.0, ...
2264996,  1209.4,   419.9,   408.0, 32768.0, ...
2264998,  1209.5,   420.8,   408.0, 32768.0, ...
2265000,  1209.5,   421.4,   408.0, 32768.0, ...
2265002,  1209.5,   422.1,   409.0, 32768.0, ...
2265004,  1209.4,   422.6,   409.0, 32768.0, ...
2265006,  1209.1,   423.0,   410.0, 32768.0, ...
2265008,  1208.7,   423.7,   411.0, 32768.0, ...
2265010,  1208.3,   424.3,   411.0, 32768.0, ...
2265012,  1207.9,   424.9,   412.0, 32768.0, ...
2265014,  1207.4,   425.3,   413.0, 32768.0, ...
2265016,  1206.9,   425.8,   412.0, 32768.0, ...
2265018,  1206.5,   426.1,   412.0, 32768.0, ...
2265020,  1206.4,   426.3,   411.0, 32768.0, ...
2265022,  1206.3,   426.2,   411.0, 32768.0, ...
2265024,  1206.2,   426.1,   411.0, 32768.0, ...
2265026,  1206.2,   425.8,   411.0, 32768.0, ...
2265028,  1206.2,   425.6,   411.0, 32768.0, ...
2265030,  1206.2,   425.3,   412.0, 32768.0, ...
2265032,  1206.2,   424.8,   412.0, 32768.0, ...
2265034,  1206.2,   424.3,   413.0, 32768.0, ...
2265036,  1206.1,   423.8,   413.0, 32768.0, ...
2265038,  1205.7,   423.1,   413.0, 32768.0, ...
2265040,  1205.3,   422.6,   413.0, 32768.0, ...
2265042,  1205.0,   422.0,   412.0, 32768.0, ...
2265044,  1204.6,   421.5,   412.0, 32768.0, ...
2265046,  1204.1,   421.2,   411.0, 32768.0, ...
2265048,  1203.7,   420.9,   411.0, 32768.0, ...
2265050,  1203.4,   420.4,   411.0, 32768.0, ...
2265052,  1203.4,   420.0,   411.0, 32768.0, ...
2265054,  1203.4,   419.5,   410.0, 32768.0, ...
2265056,  1203.7,   418.9,   410.0, 32768.0, ...
2265058,  1203.9,   418.3,   410.0, 32768.0, ...
2265060,  1204.2,   417.7,   410.0, 32768.0, ...
2265062,  1204.3,   417.1,   410.0, 32768.0, ...
2265064,  1204.4,   417.0,   410.0, 32768.0, ...
2265066,  1204.4,   417.0,   410.0, 32768.0, ...
2265068,  1204.5,   417.4,   410.0, 32768.0, ...
2265070,  1204.3,   417.9,   410.0, 32768.0, ...
2265072,  1204.2,   418.5,   410.0, 32768.0, ...
2265074,  1204.3,   419.2,   410.0, 32768.0, ...
2265076,  1204.6,   420.0,   410.0, 32768.0, ...
2265078,  1204.8,   420.8,   410.0, 32768.0, ...
2265080,  1205.0,   421.5,   410.0, 32768.0, ...
2265082,  1205.2,   422.0,   410.0, 32768.0, ...
2265084,  1205.5,   422.5,   410.0, 32768.0, ...
2265086,  1205.7,   422.4,   410.0, 32768.0, ...
2265088,  1205.8,   422.1,   410.0, 32768.0, ...
EFIX L   2264548, 2265088, 542,  1205.0,   408.9,     412
SSACC L  2265090
2265090,  1205.5,   420.8,   410.0, 32768.0, ...
2265092,  1205.4,   416.4,   410.0, 32768.0, ...
2265094,  1205.4,   409.1,   411.0, 32768.0, ...
2265096,  1205.3,   399.2,   411.0, 32768.0, ...
2265098,  1205.3,   388.0,   411.0, 32768.0, ...
2265100,  1205.8,   376.4,   411.0, 32768.0, ...
2265102,  1206.4,   363.9,   411.0, 32768.0, ...
2265104,  1207.2,   351.1,   411.0, 32768.0, ...
2265106,  1208.0,   341.3,   411.0, 32768.0, ...
2265108,  1208.7,   333.9,   411.0, 32768.0, ...
2265110,  1209.4,   329.0,   412.0, 32768.0, ...
2265112,  1210.0,   325.1,   412.0, 32768.0, ...
2265114,  1210.1,   321.9,   412.0, 32768.0, ...
ESACC L  2265090, 2265114, 26,  1205.5,   420.8,  1210.1,   321.9,    1.86,     112
SFIX L   2265116
2265116,  1210.2,   320.0,   412.0, 32768.0, ...
2265118,  1210.3,   319.6,   412.0, 32768.0, ...
2265120,  1210.4,   319.2,   413.0, 32768.0, ...
2265122,  1210.4,   319.2,   413.0, 32768.0, ...
2265124,  1210.5,   319.1,   413.0, 32768.0, ...
2265126,  1210.5,   319.3,   413.0, 32768.0, ...
2265128,  1210.5,   319.1,   413.0, 32768.0, ...
2265130,  1210.5,   319.0,   413.0, 32768.0, ...
2265132,  1210.6,   318.5,   413.0, 32768.0, ...
2265134,  1210.6,   318.0,   413.0, 32768.0, ...
2265136,  1210.7,   317.7,   413.0, 32768.0, ...
2265138,  1210.7,   317.2,   414.0, 32768.0, ...
2265140,  1210.7,   316.8,   414.0, 32768.0, ...
2265142,  1210.8,   316.7,   414.0, 32768.0, ...
2265144,  1211.0,   316.6,   415.0, 32768.0, ...
2265146,  1211.1,   316.9,   415.0, 32768.0, ...
2265148,  1211.2,   317.3,   415.0, 32768.0, ...
2265150,  1211.4,   317.7,   416.0, 32768.0, ...
2265152,  1211.5,   318.2,   416.0, 32768.0, ...
2265154,  1211.5,   318.6,   416.0, 32768.0, ...
2265156,  1211.6,   318.8,   416.0, 32768.0, ...
2265158,  1211.5,   319.0,   417.0, 32768.0, ...
2265160,  1211.4,   318.5,   417.0, 32768.0, ...
2265162,  1211.3,   318.0,   416.0, 32768.0, ...
2265164,  1211.1,   317.4,   416.0, 32768.0, ...
2265166,  1210.8,   316.8,   416.0, 32768.0, ...
2265168,  1210.6,   316.2,   416.0, 32768.0, ...
2265170,  1210.5,   315.7,   416.0, 32768.0, ...
2265172,  1210.3,   315.2,   416.0, 32768.0, ...
2265174,  1210.2,   315.9,   416.0, 32768.0, ...
2265176,  1210.1,   316.6,   415.0, 32768.0, ...
2265178,  1210.2,   317.2,   415.0, 32768.0, ...
2265180,  1210.3,   317.7,   416.0, 32768.0, ...
2265182,  1210.4,   318.3,   416.0, 32768.0, ...
2265184,  1210.5,   318.9,   416.0, 32768.0, ...
2265186,  1210.6,   319.4,   416.0, 32768.0, ...
2265188,  1210.6,   319.0,   416.0, 32768.0, ...
2265190,  1210.7,   318.6,   416.0, 32768.0, ...
2265192,  1210.7,   318.3,   416.0, 32768.0, ...
2265194,  1210.6,   318.0,   416.0, 32768.0, ...
2265196,  1210.6,   317.8,   416.0, 32768.0, ...
2265198,  1210.5,   317.5,   415.0, 32768.0, ...
2265200,  1210.4,   317.2,   415.0, 32768.0, ...
2265202,  1210.2,   317.0,   415.0, 32768.0, ...
2265204,  1210.0,   316.5,   415.0, 32768.0, ...
2265206,  1209.8,   316.0,   416.0, 32768.0, ...
2265208,  1209.6,   315.4,   416.0, 32768.0, ...
2265210,  1209.5,   314.8,   417.0, 32768.0, ...
2265212,  1209.6,   314.3,   417.0, 32768.0, ...
2265214,  1209.7,   313.8,   418.0, 32768.0, ...
2265216,  1209.9,   313.6,   418.0, 32768.0, ...
2265218,  1210.1,   313.6,   418.0, 32768.0, ...
2265220,  1210.3,   313.5,   418.0, 32768.0, ...
2265222,  1210.3,   313.7,   418.0, 32768.0, ...
2265224,  1210.3,   314.0,   418.0, 32768.0, ...
2265226,  1210.1,   314.2,   418.0, 32768.0, ...
2265228,  1209.9,   314.3,   418.0, 32768.0, ...
2265230,  1209.8,   314.5,   418.0, 32768.0, ...
2265232,  1209.6,   314.6,   418.0, 32768.0, ...
2265234,  1209.5,   314.6,   418.0, 32768.0, ...
2265236,  1209.4,   314.6,   419.0, 32768.0, ...
2265238,  1209.1,   314.6,   419.0, 32768.0, ...
2265240,  1208.6,   314.4,   419.0, 32768.0, ...
2265242,  1208.2,   314.3,   419.0, 32768.0, ...
2265244,  1207.6,   314.2,   419.0, 32768.0, ...
2265246,  1207.0,   313.7,   419.0, 32768.0, ...
2265248,  1206.4,   313.2,   419.0, 32768.0, ...
2265250,  1205.9,   312.7,   419.0, 32768.0, ...
2265252,  1205.5,   312.1,   418.0, 32768.0, ...
2265254,  1205.5,   311.5,   418.0, 32768.0, ...
2265256,  1205.5,   310.8,   418.0, 32768.0, ...
2265258,  1205.6,   310.0,   418.0, 32768.0, ...
2265260,  1205.6,   309.6,   418.0, 32768.0, ...
2265262,  1205.8,   309.2,   418.0, 32768.0, ...
2265264,  1206.1,   309.0,   418.0, 32768.0, ...
2265266,  1206.4,   309.1,   418.0, 32768.0, ...
2265268,  1206.7,   310.1,   419.0, 32768.0, ...
2265270,  1207.2,   311.3,   420.0, 32768.0, ...
2265272,  1207.7,   312.6,   421.0, 32768.0, ...
2265274,  1208.2,   313.9,   421.0, 32768.0, ...
2265276,  1208.6,   315.1,   422.0, 32768.0, ...
2265278,  1209.0,   316.2,   422.0, 32768.0, ...
2265280,  1209.4,   316.9,   422.0, 32768.0, ...
2265282,  1209.8,   316.9,   422.0, 32768.0, ...
2265284,  1210.1,   316.4,   421.0, 32768.0, ...
2265286,  1210.3,   316.0,   421.0, 32768.0, ...
2265288,  1210.6,   315.5,   420.0, 32768.0, ...
2265290,  1210.9,   315.0,   420.0, 32768.0, ...
2265292,  1210.9,   314.6,   420.0, 32768.0, ...
2265294,  1210.8,   314.2,   420.0, 32768.0, ...
2265296,  1210.6,   313.9,   420.0, 32768.0, ...
2265298,  1210.3,   314.0,   419.0, 32768.0, ...
2265300,  1209.9,   314.0,   420.0, 32768.0, ...
2265302,  1209.2,   313.9,   420.0, 32768.0, ...
2265304,  1208.5,   313.7,   420.0, 32768.0, ...
2265306,  1207.8,   313.5,   420.0, 32768.0, ...
2265308,  1207.3,   313.0,   420.0, 32768.0, ...
2265310,  1206.8,   312.5,   420.0, 32768.0, ...
2265312,  1206.4,   312.1,   420.0, 32768.0, ...
2265314,  1206.2,   311.4,   420.0, 32768.0, ...
2265316,  1206.2,   310.7,   420.0, 32768.0, ...
2265318,  1206.3,   310.0,   420.0, 32768.0, ...
2265320,  1206.5,   309.4,   420.0, 32768.0, ...
2265322,  1206.6,   309.9,   420.0, 32768.0, ...
2265324,  1206.7,   310.5,   420.0, 32768.0, ...
2265326,  1207.0,   311.2,   420.0, 32768.0, ...
2265328,  1207.3,   312.1,   420.0, 32768.0, ...
2265330,  1207.6,   313.0,   420.0, 32768.0, ...
2265332,  1207.9,   314.2,   420.0, 32768.0, ...
2265334,  1208.2,   315.2,   421.0, 32768.0, ...
2265336,  1208.5,   315.4,   421.0, 32768.0, ...
2265338,  1208.7,   315.4,   421.0, 32768.0, ...
2265340,  1208.7,   315.3,   422.0, 32768.0, ...
2265342,  1208.6,   315.1,   422.0, 32768.0, ...
2265344,  1208.5,   314.9,   423.0, 32768.0, ...
2265346,  1208.4,   314.8,   423.0, 32768.0, ...
2265348,  1208.2,   314.6,   423.0, 32768.0, ...
2265350,  1208.1,   314.4,   423.0, 32768.0, ...
2265352,  1208.0,   314.2,   423.0, 32768.0, ...
2265354,  1207.9,   313.9,   423.0, 32768.0, ...
2265356,  1207.9,   314.3,   423.0, 32768.0, ...
2265358,  1207.9,   314.9,   423.0, 32768.0, ...
2265360,  1208.0,   315.5,   422.0, 32768.0, ...
2265362,  1208.0,   316.0,   422.0, 32768.0, ...
2265364,  1208.1,   316.5,   421.0, 32768.0, ...
2265366,  1208.2,   317.2,   421.0, 32768.0, ...
2265368,  1208.2,   317.5,   421.0, 32768.0, ...
2265370,  1208.3,   317.0,   421.0, 32768.0, ...
2265372,  1208.3,   317.0,   421.0, 32768.0, ...
2265374,  1208.3,   317.0,   421.0, 32768.0, ...
2265376,  1208.0,   317.0,   421.0, 32768.0, ...
2265378,  1207.9,   316.8,   421.0, 32768.0, ...
2265380,  1207.7,   316.4,   421.0, 32768.0, ...
2265382,  1207.5,   316.2,   420.0, 32768.0, ...
2265384,  1207.3,   315.9,   420.0, 32768.0, ...
2265386,  1207.1,   315.5,   420.0, 32768.0, ...
2265388,  1207.0,   315.0,   420.0, 32768.0, ...
2265390,  1207.1,   314.7,   420.0, 32768.0, ...
2265392,  1207.1,   314.8,   420.0, 32768.0, ...
2265394,  1207.0,   315.2,   420.0, 32768.0, ...
2265396,  1206.9,   315.6,   420.0, 32768.0, ...
2265398,  1206.9,   316.0,   420.0, 32768.0, ...
2265400,  1206.9,   316.4,   421.0, 32768.0, ...
2265402,  1206.9,   316.7,   421.0, 32768.0, ...
2265404,  1207.0,   317.0,   421.0, 32768.0, ...
2265406,  1206.9,   317.3,   421.0, 32768.0, ...
2265408,  1206.8,   317.0,   421.0, 32768.0, ...
2265410,  1206.8,   316.8,   421.0, 32768.0, ...
2265412,  1206.8,   316.4,   421.0, 32768.0, ...
2265414,  1206.7,   316.0,   421.0, 32768.0, ...
2265416,  1206.5,   315.5,   421.0, 32768.0, ...
2265418,  1206.4,   315.2,   421.0, 32768.0, ...
2265420,  1206.4,   314.9,   421.0, 32768.0, ...
2265422,  1206.4,   314.8,   421.0, 32768.0, ...
2265424,  1206.2,   314.6,   421.0, 32768.0, ...
2265426,  1206.0,   314.6,   421.0, 32768.0, ...
2265428,  1205.8,   314.4,   420.0, 32768.0, ...
2265430,  1205.6,   314.3,   420.0, 32768.0, ...
2265432,  1205.3,   314.3,   419.0, 32768.0, ...
2265434,  1205.0,   314.3,   418.0, 32768.0, ...
2265436,  1204.8,   314.3,   418.0, 32768.0, ...
2265438,  1204.7,   313.6,   417.0, 32768.0, ...
2265440,  1204.6,   312.9,   417.0, 32768.0, ...
2265442,  1204.5,   312.2,   417.0, 32768.0, ...
2265444,  1204.5,   311.6,   417.0, 32768.0, ...
2265446,  1204.5,   311.0,   419.0, 32768.0, ...
2265448,  1204.9,   310.4,   420.0, 32768.0, ...
2265450,  1205.2,   310.3,   421.0, 32768.0, ...
2265452,  1205.7,   310.8,   422.0, 32768.0, ...
2265454,  1206.1,   311.3,   423.0, 32768.0, ...
2265456,  1206.6,   311.9,   424.0, 32768.0, ...
2265458,  1207.0,   312.4,   425.0, 32768.0, ...
2265460,  1207.4,   312.9,   424.0, 32768.0, ...
2265462,  1207.5,   313.4,   424.0, 32768.0, ...
2265464,  1207.8,   313.5,   424.0, 32768.0, ...
2265466,  1207.9,   313.9,   423.0, 32768.0, ...
2265468,  1207.9,   314.5,   423.0, 32768.0, ...
2265470,  1208.0,   314.9,   422.0, 32768.0, ...
2265472,  1207.9,   315.2,   422.0, 32768.0, ...
2265474,  1207.8,   315.6,   421.0, 32768.0, ...
2265476,  1207.6,   316.1,   421.0, 32768.0, ...
2265478,  1207.1,   316.2,   420.0, 32768.0, ...
2265480,  1206.6,   316.3,   420.0, 32768.0, ...
2265482,  1205.8,   315.9,   420.0, 32768.0, ...
2265484,  1205.2,   316.0,   420.0, 32768.0, ...
2265486,  1204.7,   315.6,   420.0, 32768.0, ...
2265488,  1204.7,   315.0,   420.0, 32768.0, ...
2265490,  1204.7,   314.6,   420.0, 32768.0, ...
2265492,  1204.9,   314.4,   420.0, 32768.0, ...
2265494,  1205.2,   315.3,   420.0, 32768.0, ...
2265496,  1205.7,   316.5,   420.0, 32768.0, ...
2265498,  1206.2,   317.6,   420.0, 32768.0, ...
2265500,  1206.5,   319.3,   420.0, 32768.0, ...
2265502,  1206.5,   320.8,   420.0, 32768.0, ...
2265504,  1206.5,   322.1,   421.0, 32768.0, ...
2265506,  1206.5,   323.4,   421.0, 32768.0, ...
2265508,  1206.4,   323.7,   422.0, 32768.0, ...
2265510,  1206.3,   323.7,   422.0, 32768.0, ...
2265512,  1206.2,   323.5,   422.0, 32768.0, ...
2265514,  1206.0,   322.9,   422.0, 32768.0, ...
2265516,  1205.7,   322.0,   422.0, 32768.0, ...
2265518,  1205.5,   321.5,   422.0, 32768.0, ...
2265520,  1205.3,   320.9,   421.0, 32768.0, ...
2265522,  1205.3,   319.9,   421.0, 32768.0, ...
2265524,  1205.3,   319.4,   421.0, 32768.0, ...
2265526,  1205.4,   319.6,   421.0, 32768.0, ...
2265528,  1205.5,   319.7,   421.0, 32768.0, ...
2265530,  1205.6,   320.1,   421.0, 32768.0, ...
2265532,  1205.8,   320.4,   421.0, 32768.0, ...
2265534,  1205.9,   320.6,   421.0, 32768.0, ...
2265536,  1206.0,   321.0,   421.0, 32768.0, ...
2265538,  1206.0,   321.2,   421.0, 32768.0, ...
2265540,  1206.0,   321.4,   421.0, 32768.0, ...
2265542,  1206.0,   321.5,   420.0, 32768.0, ...
2265544,  1206.0,   321.5,   420.0, 32768.0, ...
2265546,  1206.0,   321.4,   420.0, 32768.0, ...
2265548,  1206.0,   321.4,   420.0, 32768.0, ...
2265550,  1205.9,   321.5,   420.0, 32768.0, ...
2265552,  1205.7,   321.6,   420.0, 32768.0, ...
2265554,  1205.4,   321.4,   419.0, 32768.0, ...
2265556,  1205.1,   321.2,   418.0, 32768.0, ...
2265558,  1204.7,   320.9,   418.0, 32768.0, ...
2265560,  1204.4,   320.7,   417.0, 32768.0, ...
2265562,  1204.1,   320.3,   417.0, 32768.0, ...
2265564,  1203.9,   319.7,   416.0, 32768.0, ...
2265566,  1203.8,   318.8,   416.0, 32768.0, ...
2265568,  1203.8,   318.1,   416.0, 32768.0, ...
2265570,  1203.7,   317.5,   416.0, 32768.0, ...
2265572,  1203.7,   316.8,   415.0, 32768.0, ...
2265574,  1203.7,   316.2,   416.0, 32768.0, ...
2265576,  1204.3,   315.7,   415.0, 32768.0, ...
2265578,  1204.8,   315.6,   415.0, 32768.0, ...
2265580,  1205.4,   316.1,   415.0, 32768.0, ...
2265582,  1205.9,   316.5,   415.0, 32768.0, ...
2265584,  1206.3,   316.8,   415.0, 32768.0, ...
2265586,  1206.7,   317.1,   414.0, 32768.0, ...
2265588,  1207.0,   317.4,   414.0, 32768.0, ...
2265590,  1206.7,   317.7,   414.0, 32768.0, ...
2265592,  1206.5,   317.8,   414.0, 32768.0, ...
2265594,  1206.1,   318.0,   414.0, 32768.0, ...
2265596,  1205.7,   318.3,   414.0, 32768.0, ...
2265598,  1204.8,   318.8,   415.0, 32768.0, ...
2265600,  1204.0,   319.2,   415.0, 32768.0, ...
2265602,  1203.2,   319.0,   415.0, 32768.0, ...
EFIX L   2265116, 2265602, 488,  1207.6,   316.1,     419
SSACC L  2265604
2265604,  1202.2,   316.2,   415.0, 32768.0, ...
2265606,  1200.8,   312.3,   415.0, 32768.0, ...
2265608,  1199.5,   307.3,   415.0, 32768.0, ...
2265610,  1198.3,   300.7,   415.0, 32768.0, ...
2265612,  1197.7,   293.2,   415.0, 32768.0, ...
2265614,  1197.1,   285.5,   415.0, 32768.0, ...
2265616,  1196.7,   278.9,   415.0, 32768.0, ...
2265618,  1196.6,   273.9,   415.0, 32768.0, ...
2265620,  1197.3,   269.8,   414.0, 32768.0, ...
2265622,  1197.9,   266.6,   414.0, 32768.0, ...
2265624,  1198.6,   265.0,   414.0, 32768.0, ...
ESACC L  2265604, 2265624, 22,  1202.2,   316.2,  1198.6,   265.0,    0.96,      65
SFIX L   2265626
2265626,  1199.3,   264.4,   414.0, 32768.0, ...
2265628,  1200.0,   264.3,   414.0, 32768.0, ...
2265630,  1200.9,   264.0,   414.0, 32768.0, ...
2265632,  1201.2,   263.7,   415.0, 32768.0, ...
2265634,  1201.3,   263.4,   415.0, 32768.0, ...
2265636,  1201.3,   263.2,   416.0, 32768.0, ...
2265638,  1201.4,   262.9,   416.0, 32768.0, ...
2265640,  1201.3,   262.2,   417.0, 32768.0, ...
2265642,  1201.2,   261.4,   418.0, 32768.0, ...
2265644,  1201.0,   260.8,   418.0, 32768.0, ...
2265646,  1200.7,   260.5,   418.0, 32768.0, ...
2265648,  1200.3,   259.8,   419.0, 32768.0, ...
2265650,  1199.8,   259.7,   419.0, 32768.0, ...
2265652,  1199.4,   259.7,   418.0, 32768.0, ...
2265654,  1199.2,   260.2,   418.0, 32768.0, ...
2265656,  1198.9,   260.6,   418.0, 32768.0, ...
2265658,  1198.7,   261.1,   418.0, 32768.0, ...
2265660,  1198.7,   261.3,   417.0, 32768.0, ...
2265662,  1198.9,   261.4,   417.0, 32768.0, ...
2265664,  1199.2,   261.0,   417.0, 32768.0, ...
2265666,  1199.3,   260.5,   417.0, 32768.0, ...
2265668,  1199.7,   260.0,   417.0, 32768.0, ...
2265670,  1200.0,   259.5,   417.0, 32768.0, ...
2265672,  1200.4,   259.1,   417.0, 32768.0, ...
2265674,  1200.8,   258.9,   417.0, 32768.0, ...
2265676,  1201.1,   259.1,   417.0, 32768.0, ...
2265678,  1201.4,   259.5,   417.0, 32768.0, ...
2265680,  1201.5,   260.0,   417.0, 32768.0, ...
2265682,  1201.3,   260.5,   417.0, 32768.0, ...
2265684,  1201.1,   261.5,   418.0, 32768.0, ...
2265686,  1200.7,   262.6,   418.0, 32768.0, ...
2265688,  1200.5,   263.6,   418.0, 32768.0, ...
2265690,  1200.4,   264.5,   418.0, 32768.0, ...
2265692,  1200.3,   265.2,   418.0, 32768.0, ...
2265694,  1200.4,   265.6,   418.0, 32768.0, ...
2265696,  1200.5,   265.9,   418.0, 32768.0, ...
2265698,  1200.6,   265.4,   417.0, 32768.0, ...
2265700,  1200.6,   265.0,   416.0, 32768.0, ...
2265702,  1200.3,   264.4,   415.0, 32768.0, ...
2265704,  1199.9,   264.0,   415.0, 32768.0, ...
2265706,  1199.5,   263.6,   415.0, 32768.0, ...
2265708,  1198.9,   263.7,   415.0, 32768.0, ...
2265710,  1198.2,   263.9,   415.0, 32768.0, ...
2265712,  1197.1,   263.4,   415.0, 32768.0, ...
2265714,  1196.1,   263.5,   415.0, 32768.0, ...
2265716,  1195.4,   263.7,   416.0, 32768.0, ...
2265718,  1194.7,   264.0,   416.0, 32768.0, ...
2265720,  1194.1,   264.4,   416.0, 32768.0, ...
2265722,  1194.1,   264.5,   416.0, 32768.0, ...
2265724,  1194.2,   264.5,   417.0, 32768.0, ...
2265726,  1194.7,   264.5,   417.0, 32768.0, ...
2265728,  1195.3,   264.5,   417.0, 32768.0, ...
2265730,  1196.1,   264.6,   417.0, 32768.0, ...
2265732,  1196.9,   264.6,   417.0, 32768.0, ...
2265734,  1197.7,   264.7,   417.0, 32768.0, ...
2265736,  1198.1,   264.7,   418.0, 32768.0, ...
2265738,  1198.4,   264.7,   418.0, 32768.0, ...
2265740,  1198.7,   264.7,   418.0, 32768.0, ...
2265742,  1198.9,   264.7,   418.0, 32768.0, ...
2265744,  1198.7,   264.5,   417.0, 32768.0, ...
2265746,  1198.3,   264.4,   417.0, 32768.0, ...
2265748,  1197.9,   264.2,   417.0, 32768.0, ...
2265750,  1197.5,   263.8,   417.0, 32768.0, ...
2265752,  1197.1,   263.5,   417.0, 32768.0, ...
2265754,  1196.7,   263.2,   417.0, 32768.0, ...
2265756,  1196.5,   263.1,   418.0, 32768.0, ...
2265758,  1196.4,   263.4,   418.0, 32768.0, ...
2265760,  1196.5,   263.3,   417.0, 32768.0, ...
2265762,  1196.7,   263.3,   417.0, 32768.0, ...
2265764,  1196.9,   263.3,   416.0, 32768.0, ...
2265766,  1197.1,   263.8,   416.0, 32768.0, ...
2265768,  1197.8,   264.3,   416.0, 32768.0, ...
2265770,  1198.5,   265.0,   416.0, 32768.0, ...
2265772,  1199.1,   265.8,   416.0, 32768.0, ...
2265774,  1199.5,   266.4,   416.0, 32768.0, ...
2265776,  1200.0,   267.2,   417.0, 32768.0, ...
2265778,  1200.4,   268.2,   418.0, 32768.0, ...
2265780,  1200.8,   268.4,   418.0, 32768.0, ...
2265782,  1200.6,   268.7,   419.0, 32768.0, ...
2265784,  1200.2,   269.1,   419.0, 32768.0, ...
2265786,  1199.9,   269.3,   419.0, 32768.0, ...
2265788,  1199.0,   268.7,   419.0, 32768.0, ...
2265790,  1198.2,   268.1,   419.0, 32768.0, ...
2265792,  1197.3,   267.3,   418.0, 32768.0, ...
2265794,  1196.5,   266.6,   418.0, 32768.0, ...
2265796,  1195.8,   265.9,   418.0, 32768.0, ...
2265798,  1195.4,   265.1,   418.0, 32768.0, ...
2265800,  1195.1,   264.2,   418.0, 32768.0, ...
2265802,  1195.3,   264.3,   418.0, 32768.0, ...
2265804,  1195.9,   264.4,   417.0, 32768.0, ...
2265806,  1196.5,   264.6,   417.0, 32768.0, ...
2265808,  1197.0,   264.8,   417.0, 32768.0, ...
2265810,  1197.9,   265.2,   417.0, 32768.0, ...
2265812,  1198.7,   265.2,   417.0, 32768.0, ...
2265814,  1199.4,   265.0,   417.0, 32768.0, ...
2265816,  1200.1,   265.0,   417.0, 32768.0, ...
2265818,  1200.4,   264.8,   417.0, 32768.0, ...
2265820,  1200.1,   265.0,   417.0, 32768.0, ...
2265822,  1199.8,   265.4,   417.0, 32768.0, ...
2265824,  1198.9,   265.7,   417.0, 32768.0, ...
2265826,  1198.0,   266.0,   417.0, 32768.0, ...
2265828,  1197.0,   266.3,   418.0, 32768.0, ...
2265830,  1196.1,   266.6,   418.0, 32768.0, ...
2265832,  1195.1,   266.8,   419.0, 32768.0, ...
2265834,  1194.8,   266.6,   419.0, 32768.0, ...
2265836,  1194.4,   266.0,   420.0, 32768.0, ...
2265838,  1194.1,   265.4,   420.0, 32768.0, ...
2265840,  1194.0,   264.9,   420.0, 32768.0, ...
2265842,  1194.2,   264.2,   420.0, 32768.0, ...
2265844,  1195.1,   263.6,   421.0, 32768.0, ...
2265846,  1196.0,   263.1,   420.0, 32768.0, ...
2265848,  1196.9,   262.9,   420.0, 32768.0, ...
2265850,  1197.4,   262.9,   420.0, 32768.0, ...
2265852,  1198.0,   262.8,   420.0, 32768.0, ...
2265854,  1197.1,   261.5,   420.0, 32768.0, ...
EFIX L   2265626, 2265854, 230,  1198.3,   263.9,     417
SSACC L  2265856
2265856,  1195.2,   259.0,   420.0, 32768.0, ...
2265858,  1191.7,   256.5,   420.0, 32768.0, ...
2265860,  1187.2,   252.8,   420.0, 32768.0, ...
2265862,  1182.0,   249.1,   420.0, 32768.0, ...
2265864,  1176.9,   245.5,   420.0, 32768.0, ...
2265866,  1170.9,   241.9,   420.0, 32768.0, ...
2265868,  1166.1,   239.5,   421.0, 32768.0, ...
2265870,  1162.1,   237.9,   421.0, 32768.0, ...
2265872,  1159.1,   236.2,   421.0, 32768.0, ...
2265874,  1157.3,   235.9,   422.0, 32768.0, ...
ESACC L  2265856, 2265874, 20,  1195.2,   259.0,  1157.3,   235.9,    0.84,      59
SFIX L   2265876
2265876,  1156.1,   235.6,   422.0, 32768.0, ...
2265878,  1155.3,   235.5,   422.0, 32768.0, ...
2265880,  1155.5,   235.3,   422.0, 32768.0, ...
2265882,  1155.8,   235.0,   422.0, 32768.0, ...
2265884,  1156.0,   234.9,   422.0, 32768.0, ...
2265886,  1156.3,   234.8,   422.0, 32768.0, ...
2265888,  1156.2,   234.4,   422.0, 32768.0, ...
2265890,  1156.1,   234.0,   423.0, 32768.0, ...
2265892,  1155.9,   233.6,   423.0, 32768.0, ...
2265894,  1155.9,   232.7,   422.0, 32768.0, ...
2265896,  1156.0,   232.0,   422.0, 32768.0, ...
2265898,  1156.1,   230.9,   422.0, 32768.0, ...
2265900,  1156.3,   229.9,   422.0, 32768.0, ...
2265902,  1156.6,   229.2,   421.0, 32768.0, ...
2265904,  1157.1,   228.7,   421.0, 32768.0, ...
2265906,  1157.6,   228.3,   420.0, 32768.0, ...
2265908,  1158.0,   228.4,   420.0, 32768.0, ...
2265910,  1158.2,   228.3,   420.0, 32768.0, ...
2265912,  1158.4,   229.4,   420.0, 32768.0, ...
2265914,  1158.6,   230.7,   419.0, 32768.0, ...
2265916,  1158.9,   231.8,   420.0, 32768.0, ...
2265918,  1159.0,   232.8,   421.0, 32768.0, ...
2265920,  1159.1,   233.3,   422.0, 32768.0, ...
2265922,  1159.2,   233.7,   422.0, 32768.0, ...
2265924,  1159.2,   233.9,   423.0, 32768.0, ...
2265926,  1159.3,   233.6,   423.0, 32768.0, ...
2265928,  1159.3,   232.5,   424.0, 32768.0, ...
2265930,  1159.4,   231.6,   423.0, 32768.0, ...
2265932,  1159.4,   230.7,   423.0, 32768.0, ...
2265934,  1159.5,   230.2,   422.0, 32768.0, ...
2265936,  1159.5,   229.7,   422.0, 32768.0, ...
2265938,  1159.4,   229.1,   422.0, 32768.0, ...
2265940,  1159.2,   228.8,   421.0, 32768.0, ...
2265942,  1159.0,   229.0,   421.0, 32768.0, ...
2265944,  1158.8,   229.6,   421.0, 32768.0, ...
2265946,  1158.6,   230.4,   421.0, 32768.0, ...
2265948,  1158.2,   231.3,   421.0, 32768.0, ...
2265950,  1158.0,   231.9,   421.0, 32768.0, ...
2265952,  1157.7,   232.3,   421.0, 32768.0, ...
2265954,  1157.7,   232.6,   421.0, 32768.0, ...
2265956,  1157.7,   232.7,   421.0, 32768.0, ...
2265958,  1157.9,   232.6,   421.0, 32768.0, ...
2265960,  1158.1,   232.4,   421.0, 32768.0, ...
2265962,  1158.4,   232.1,   421.0, 32768.0, ...
2265964,  1158.7,   231.8,   421.0, 32768.0, ...
2265966,  1158.9,   231.4,   421.0, 32768.0, ...
2265968,  1158.9,   231.2,   421.0, 32768.0, ...
2265970,  1159.1,   231.0,   421.0, 32768.0, ...
2265972,  1159.2,   231.0,   421.0, 32768.0, ...
2265974,  1159.2,   230.9,   420.0, 32768.0, ...
2265976,  1159.3,   230.8,   420.0, 32768.0, ...
2265978,  1159.5,   230.6,   420.0, 32768.0, ...
2265980,  1159.5,   230.3,   419.0, 32768.0, ...
2265982,  1159.5,   230.0,   419.0, 32768.0, ...
2265984,  1159.4,   230.0,   419.0, 32768.0, ...
2265986,  1159.5,   230.3,   419.0, 32768.0, ...
2265988,  1159.5,   230.5,   418.0, 32768.0, ...
2265990,  1159.4,   231.1,   419.0, 32768.0, ...
2265992,  1159.2,   231.7,   419.0, 32768.0, ...
2265994,  1159.2,   232.3,   419.0, 32768.0, ...
2265996,  1159.2,   232.7,   419.0, 32768.0, ...
2265998,  1159.2,   233.0,   419.0, 32768.0, ...
2266000,  1159.2,   232.8,   419.0, 32768.0, ...
2266002,  1159.2,   232.7,   419.0, 32768.0, ...
2266004,  1159.4,   232.5,   418.0, 32768.0, ...
2266006,  1159.5,   232.6,   418.0, 32768.0, ...
2266008,  1159.5,   232.7,   418.0, 32768.0, ...
2266010,  1159.5,   232.9,   418.0, 32768.0, ...
2266012,  1159.4,   232.9,   417.0, 32768.0, ...
2266014,  1159.2,   233.1,   417.0, 32768.0, ...
2266016,  1159.2,   233.6,   418.0, 32768.0, ...
2266018,  1159.3,   234.3,   417.0, 32768.0, ...
2266020,  1159.7,   234.9,   417.0, 32768.0, ...
2266022,  1161.1,   235.6,   417.0, 32768.0, ...
2266024,  1163.2,   236.5,   417.0, 32768.0, ...
EFIX L   2265876, 2266024, 150,  1158.5,   232.0,     420
SSACC L  2266026
2266026,  1166.5,   237.2,   416.0, 32768.0, ...
2266028,  1171.5,   237.9,   415.0, 32768.0, ...
2266030,  1176.8,   238.4,   415.0, 32768.0, ...
2266032,  1181.8,   238.6,   414.0, 32768.0, ...
2266034,  1186.6,   238.6,   413.0, 32768.0, ...
2266036,  1190.6,   238.2,   413.0, 32768.0, ...
2266038,  1193.6,   237.5,   412.0, 32768.0, ...
2266040,  1195.3,   237.4,   412.0, 32768.0, ...
ESACC L  2266026, 2266040, 16,  1166.5,   237.2,  1195.3,   237.4,    0.54,      46
SFIX L   2266042
2266042,  1195.3,   237.1,   412.0, 32768.0, ...
2266044,  1195.0,   236.7,   412.0, 32768.0, ...
2266046,  1194.8,   236.5,   412.0, 32768.0, ...
2266048,  1195.0,   236.4,   412.0, 32768.0, ...
2266050,  1195.2,   236.4,   412.0, 32768.0, ...
2266052,  1196.0,   236.7,   412.0, 32768.0, ...
2266054,  1196.8,   236.8,   412.0, 32768.0, ...
2266056,  1197.6,   236.8,   412.0, 32768.0, ...
2266058,  1198.5,   236.9,   412.0, 32768.0, ...
2266060,  1199.2,   236.9,   412.0, 32768.0, ...
2266062,  1199.4,   236.9,   412.0, 32768.0, ...
2266064,  1199.4,   236.8,   411.0, 32768.0, ...
2266066,  1199.0,   236.4,   411.0, 32768.0, ...
2266068,  1198.6,   235.9,   411.0, 32768.0, ...
2266070,  1198.1,   235.3,   411.0, 32768.0, ...
2266072,  1197.6,   234.2,   410.0, 32768.0, ...
2266074,  1197.2,   232.9,   410.0, 32768.0, ...
2266076,  1196.8,   232.2,   410.0, 32768.0, ...
2266078,  1196.7,   231.4,   410.0, 32768.0, ...
2266080,  1196.7,   230.5,   411.0, 32768.0, ...
2266082,  1196.6,   229.8,   411.0, 32768.0, ...
2266084,  1196.4,   229.6,   412.0, 32768.0, ...
2266086,  1196.3,   229.7,   413.0, 32768.0, ...
2266088,  1196.1,   230.5,   413.0, 32768.0, ...
2266090,  1196.1,   231.0,   414.0, 32768.0, ...
2266092,  1196.2,   231.4,   414.0, 32768.0, ...
2266094,  1197.0,   232.0,   414.0, 32768.0, ...
2266096,  1197.9,   232.6,   415.0, 32768.0, ...
2266098,  1198.8,   232.6,   415.0, 32768.0, ...
2266100,  1199.8,   232.7,   415.0, 32768.0, ...
2266102,  1200.7,   232.8,   414.0, 32768.0, ...
2266104,  1201.4,   232.8,   414.0, 32768.0, ...
2266106,  1201.8,   232.9,   414.0, 32768.0, ...
2266108,  1201.6,   233.1,   414.0, 32768.0, ...
2266110,  1201.4,   233.2,   414.0, 32768.0, ...
2266112,  1201.1,   233.4,   415.0, 32768.0, ...
2266114,  1200.8,   233.4,   415.0, 32768.0, ...
2266116,  1200.7,   233.2,   415.0, 32768.0, ...
2266118,  1200.6,   233.0,   415.0, 32768.0, ...
2266120,  1200.6,   232.6,   415.0, 32768.0, ...
2266122,  1200.6,   232.0,   415.0, 32768.0, ...
2266124,  1200.5,   231.4,   415.0, 32768.0, ...
2266126,  1200.4,   230.8,   415.0, 32768.0, ...
2266128,  1200.2,   230.3,   415.0, 32768.0, ...
2266130,  1200.0,   229.9,   415.0, 32768.0, ...
2266132,  1199.6,   229.7,   415.0, 32768.0, ...
2266134,  1199.1,   229.9,   415.0, 32768.0, ...
2266136,  1198.7,   230.3,   415.0, 32768.0, ...
2266138,  1198.5,   230.6,   415.0, 32768.0, ...
2266140,  1198.7,   231.1,   414.0, 32768.0, ...
2266142,  1199.0,   231.5,   414.0, 32768.0, ...
2266144,  1199.3,   231.8,   414.0, 32768.0, ...
2266146,  1199.9,   231.7,   413.0, 32768.0, ...
2266148,  1200.4,   231.6,   413.0, 32768.0, ...
2266150,  1200.9,   231.1,   413.0, 32768.0, ...
2266152,  1201.4,   230.4,   412.0, 32768.0, ...
2266154,  1201.6,   230.1,   412.0, 32768.0, ...
2266156,  1201.8,   230.0,   412.0, 32768.0, ...
2266158,  1202.0,   229.9,   412.0, 32768.0, ...
2266160,  1202.2,   229.8,   412.0, 32768.0, ...
2266162,  1202.3,   229.8,   412.0, 32768.0, ...
2266164,  1202.4,   229.9,   412.0, 32768.0, ...
2266166,  1202.4,   229.8,   412.0, 32768.0, ...
2266168,  1202.3,   229.8,   411.0, 32768.0, ...
2266170,  1202.3,   229.5,   411.0, 32768.0, ...
2266172,  1202.3,   229.2,   411.0, 32768.0, ...
2266174,  1202.2,   229.0,   411.0, 32768.0, ...
2266176,  1202.2,   229.1,   411.0, 32768.0, ...
2266178,  1202.2,   229.8,   412.0, 32768.0, ...
2266180,  1202.3,   230.6,   412.0, 32768.0, ...
2266182,  1202.3,   231.4,   412.0, 32768.0, ...
2266184,  1202.4,   232.3,   412.0, 32768.0, ...
2266186,  1202.5,   233.2,   412.0, 32768.0, ...
2266188,  1202.5,   233.8,   411.0, 32768.0, ...
2266190,  1202.5,   234.1,   411.0, 32768.0, ...
2266192,  1202.5,   233.7,   411.0, 32768.0, ...
2266194,  1202.5,   233.1,   410.0, 32768.0, ...
2266196,  1202.6,   232.6,   410.0, 32768.0, ...
2266198,  1202.7,   232.1,   410.0, 32768.0, ...
2266200,  1202.8,   231.7,   410.0, 32768.0, ...
2266202,  1202.9,   231.7,   410.0, 32768.0, ...
2266204,  1202.7,   231.6,   410.0, 32768.0, ...
2266206,  1202.5,   231.6,   410.0, 32768.0, ...
2266208,  1202.3,   231.6,   410.0, 32768.0, ...
2266210,  1201.9,   231.6,   410.0, 32768.0, ...
2266212,  1201.6,   231.7,   410.0, 32768.0, ...
2266214,  1201.4,   231.7,   410.0, 32768.0, ...
2266216,  1201.4,   231.8,   410.0, 32768.0, ...
2266218,  1201.7,   231.9,   410.0, 32768.0, ...
2266220,  1202.1,   231.9,   411.0, 32768.0, ...
2266222,  1202.7,   232.0,   411.0, 32768.0, ...
2266224,  1203.2,   232.0,   411.0, 32768.0, ...
2266226,  1203.6,   232.2,   411.0, 32768.0, ...
2266228,  1203.6,   232.2,   411.0, 32768.0, ...
2266230,  1203.7,   232.3,   410.0, 32768.0, ...
2266232,  1203.7,   232.6,   410.0, 32768.0, ...
2266234,  1203.5,   232.6,   410.0, 32768.0, ...
2266236,  1203.2,   232.7,   410.0, 32768.0, ...
2266238,  1203.0,   232.7,   410.0, 32768.0, ...
2266240,  1202.7,   232.7,   410.0, 32768.0, ...
2266242,  1202.5,   232.7,   410.0, 32768.0, ...
2266244,  1202.1,   232.7,   410.0, 32768.0, ...
2266246,  1201.8,   232.8,   410.0, 32768.0, ...
2266248,  1201.5,   232.9,   409.0, 32768.0, ...
2266250,  1201.1,   233.1,   409.0, 32768.0, ...
2266252,  1200.8,   233.2,   409.0, 32768.0, ...
2266254,  1200.6,   233.2,   408.0, 32768.0, ...
2266256,  1200.5,   233.3,   408.0, 32768.0, ...
2266258,  1200.5,   233.3,   408.0, 32768.0, ...
2266260,  1200.6,   233.1,   407.0, 32768.0, ...
2266262,  1200.6,   232.9,   407.0, 32768.0, ...
EFIX L   2266042, 2266262, 222,  1200.4,   232.4,     412
SSACC L  2266264
2266264,  1200.6,   234.0,   407.0, 32768.0, ...
2266266,  1200.6,   236.5,   408.0, 32768.0, ...
2266268,  1200.7,   240.1,   408.0, 32768.0, ...
2266270,  1201.2,   247.1,   408.0, 32768.0, ...
2266272,  1201.6,   258.2,   408.0, 32768.0, ...
2266274,  1202.0,   272.9,   408.0, 32768.0, ...
2266276,  1202.3,   290.8,   408.0, 32768.0, ...
2266278,  1202.3,   311.6,   409.0, 32768.0, ...
2266280,  1201.7,   334.3,   409.0, 32768.0, ...
2266282,  1200.8,   358.6,   409.0, 32768.0, ...
2266284,  1199.5,   382.3,   409.0, 32768.0, ...
2266286,  1198.2,   404.4,   410.0, 32768.0, ...
2266288,  1196.8,   426.0,   410.0, 32768.0, ...
2266290,  1195.2,   446.4,   410.0, 32768.0, ...
2266292,  1193.1,   464.7,   409.0, 32768.0, ...
2266294,  1189.6,   482.3,   409.0, 32768.0, ...
2266296,  1186.0,   498.8,   408.0, 32768.0, ...
2266298,  1182.3,   514.1,   408.0, 32768.0, ...
2266300,  1178.5,   528.4,   407.0, 32768.0, ...
2266302,  1174.9,   540.1,   406.0, 32768.0, ...
2266304,  1171.5,   549.2,   405.0, 32768.0, ...
2266306,  1168.9,   555.9,   405.0, 32768.0, ...
2266308,  1168.3,   559.2,   404.0, 32768.0, ...
2266310,  1168.0,   561.4,   404.0, 32768.0, ...
2266312,  1167.4,   561.8,   404.0, 32768.0, ...
ESACC L  2266264, 2266312, 50,  1200.6,   234.0,  1167.4,   561.8,    6.16,     217
SFIX L   2266314
2266314,  1166.8,   561.1,   404.0, 32768.0, ...
2266316,  1166.2,   560.3,   404.0, 32768.0, ...
2266318,  1165.6,   559.8,   405.0, 32768.0, ...
2266320,  1165.0,   559.7,   406.0, 32768.0, ...
2266322,  1164.3,   560.8,   407.0, 32768.0, ...
2266324,  1163.5,   562.8,   407.0, 32768.0, ...
2266326,  1162.9,   565.0,   408.0, 32768.0, ...
2266328,  1162.4,   566.8,   409.0, 32768.0, ...
2266330,  1161.9,   568.6,   410.0, 32768.0, ...
2266332,  1161.5,   570.5,   411.0, 32768.0, ...
2266334,  1161.3,   572.1,   411.0, 32768.0, ...
2266336,  1161.2,   573.3,   411.0, 32768.0, ...
2266338,  1161.8,   573.6,   411.0, 32768.0, ...
2266340,  1162.7,   573.6,   412.0, 32768.0, ...
2266342,  1163.6,   573.5,   412.0, 32768.0, ...
2266344,  1164.5,   573.2,   412.0, 32768.0, ...
2266346,  1165.3,   572.8,   412.0, 32768.0, ...
2266348,  1165.9,   572.4,   412.0, 32768.0, ...
2266350,  1166.4,   572.1,   412.0, 32768.0, ...
2266352,  1166.3,   571.9,   412.0, 32768.0, ...
2266354,  1166.2,   571.9,   412.0, 32768.0, ...
2266356,  1166.0,   571.9,   412.0, 32768.0, ...
2266358,  1165.5,   572.1,   412.0, 32768.0, ...
2266360,  1165.0,   572.3,   412.0, 32768.0, ...
2266362,  1164.5,   572.4,   412.0, 32768.0, ...
2266364,  1164.1,   572.7,   412.0, 32768.0, ...
2266366,  1163.7,   572.9,   412.0, 32768.0, ...
2266368,  1163.4,   573.5,   412.0, 32768.0, ...
2266370,  1163.0,   573.9,   412.0, 32768.0, ...
2266372,  1162.9,   574.3,   412.0, 32768.0, ...
2266374,  1162.9,   574.8,   412.0, 32768.0, ...
2266376,  1162.8,   575.2,   412.0, 32768.0, ...
2266378,  1163.0,   575.4,   413.0, 32768.0, ...
2266380,  1163.1,   575.7,   413.0, 32768.0, ...
2266382,  1163.3,   575.6,   413.0, 32768.0, ...
2266384,  1163.5,   575.7,   413.0, 32768.0, ...
2266386,  1163.7,   575.8,   413.0, 32768.0, ...
2266388,  1164.1,   575.7,   412.0, 32768.0, ...
2266390,  1164.3,   575.4,   411.0, 32768.0, ...
2266392,  1164.4,   574.4,   411.0, 32768.0, ...
2266394,  1164.5,   573.3,   410.0, 32768.0, ...
2266396,  1164.7,   571.8,   409.0, 32768.0, ...
2266398,  1164.9,   569.9,   408.0, 32768.0, ...
2266400,  1165.0,   567.6,   408.0, 32768.0, ...
2266402,  1165.0,   565.5,   408.0, 32768.0, ...
2266404,  1165.0,   563.7,   408.0, 32768.0, ...
2266406,  1165.2,   562.7,   408.0, 32768.0, ...
2266408,  1165.1,   561.7,   408.0, 32768.0, ...
2266410,  1164.9,   561.2,   408.0, 32768.0, ...
2266412,  1164.6,   561.2,   408.0, 32768.0, ...
2266414,  1164.3,   561.4,   407.0, 32768.0, ...
2266416,  1163.9,   561.5,   407.0, 32768.0, ...
2266418,  1163.5,   561.6,   407.0, 32768.0, ...
2266420,  1163.1,   561.8,   407.0, 32768.0, ...
2266422,  1162.8,   562.2,   407.0, 32768.0, ...
2266424,  1162.7,   563.0,   408.0, 32768.0, ...
2266426,  1162.5,   563.7,   408.0, 32768.0, ...
2266428,  1162.4,   564.6,   408.0, 32768.0, ...
2266430,  1162.3,   565.4,   408.0, 32768.0, ...
2266432,  1162.2,   566.3,   409.0, 32768.0, ...
2266434,  1162.2,   567.1,   409.0, 32768.0, ...
2266436,  1162.1,   567.9,   410.0, 32768.0, ...
2266438,  1162.0,   568.3,   410.0, 32768.0, ...
2266440,  1162.0,   568.6,   411.0, 32768.0, ...
2266442,  1162.1,   567.7,   411.0, 32768.0, ...
2266444,  1162.6,   566.8,   410.0, 32768.0, ...
2266446,  1163.1,   566.2,   410.0, 32768.0, ...
2266448,  1163.8,   565.7,   410.0, 32768.0, ...
2266450,  1164.6,   566.1,   410.0, 32768.0, ...
2266452,  1165.3,   566.5,   410.0, 32768.0, ...
2266454,  1166.0,   566.6,   410.0, 32768.0, ...
2266456,  1166.4,   567.1,   411.0, 32768.0, ...
2266458,  1166.5,   567.7,   411.0, 32768.0, ...
2266460,  1166.6,   568.1,   412.0, 32768.0, ...
2266462,  1166.3,   568.2,   412.0, 32768.0, ...
2266464,  1166.1,   567.4,   412.0, 32768.0, ...
2266466,  1165.8,   566.7,   412.0, 32768.0, ...
2266468,  1165.6,   565.9,   411.0, 32768.0, ...
2266470,  1165.4,   565.7,   411.0, 32768.0, ...
2266472,  1165.2,   565.4,   411.0, 32768.0, ...
2266474,  1164.9,   565.2,   410.0, 32768.0, ...
2266476,  1164.7,   564.9,   410.0, 32768.0, ...
2266478,  1164.6,   564.6,   410.0, 32768.0, ...
2266480,  1164.4,   564.4,   410.0, 32768.0, ...
2266482,  1164.2,   564.4,   410.0, 32768.0, ...
2266484,  1164.0,   564.5,   411.0, 32768.0, ...
2266486,  1163.9,   564.6,   411.0, 32768.0, ...
2266488,  1163.7,   564.9,   412.0, 32768.0, ...
2266490,  1164.3,   566.5,   413.0, 32768.0, ...
2266492,  1164.8,   568.1,   414.0, 32768.0, ...
2266494,  1165.4,   569.8,   415.0, 32768.0, ...
2266496,  1165.9,   571.5,   416.0, 32768.0, ...
2266498,  1166.5,   573.1,   416.0, 32768.0, ...
2266500,  1167.2,   574.6,   417.0, 32768.0, ...
2266502,  1167.9,   575.1,   417.0, 32768.0, ...
2266504,  1167.9,   574.1,   418.0, 32768.0, ...
2266506,  1167.9,   573.1,   418.0, 32768.0, ...
2266508,  1167.8,   571.7,   417.0, 32768.0, ...
2266510,  1167.7,   570.0,   417.0, 32768.0, ...
2266512,  1167.6,   568.3,   417.0, 32768.0, ...
2266514,  1167.5,   566.6,   416.0, 32768.0, ...
2266516,  1167.4,   565.8,   416.0, 32768.0, ...
2266518,  1167.3,   565.2,   415.0, 32768.0, ...
2266520,  1167.1,   564.8,   415.0, 32768.0, ...
2266522,  1166.9,   565.3,   414.0, 32768.0, ...
2266524,  1166.5,   566.2,   414.0, 32768.0, ...
2266526,  1165.7,   567.0,   414.0, 32768.0, ...
2266528,  1164.8,   567.8,   414.0, 32768.0, ...
2266530,  1163.9,   568.9,   414.0, 32768.0, ...
2266532,  1162.9,   569.8,   414.0, 32768.0, ...
2266534,  1162.1,   570.5,   414.0, 32768.0, ...
2266536,  1161.5,   570.7,   414.0, 32768.0, ...
2266538,  1161.4,   570.9,   414.0, 32768.0, ...
2266540,  1161.6,   571.2,   415.0, 32768.0, ...
2266542,  1162.0,   571.5,   415.0, 32768.0, ...
2266544,  1162.4,   571.7,   416.0, 32768.0, ...
2266546,  1162.9,   572.0,   416.0, 32768.0, ...
2266548,  1163.3,   572.3,   416.0, 32768.0, ...
2266550,  1163.6,   572.5,   416.0, 32768.0, ...
2266552,  1164.6,   572.7,   417.0, 32768.0, ...
2266554,  1166.5,   571.0,   417.0, 32768.0, ...
EFIX L   2266314, 2266554, 242,  1164.4,   568.6,     412
SSACC L  2266556
2266556,  1169.4,   568.0,   418.0, 32768.0, ...
2266558,  1174.0,   565.1,   418.0, 32768.0, ...
2266560,  1178.7,   561.7,   419.0, 32768.0, ...
2266562,  1183.3,   558.2,   419.0, 32768.0, ...
2266564,  1187.9,   554.8,   419.0, 32768.0, ...
2266566,  1191.5,   551.5,   419.0, 32768.0, ...
2266568,  1194.2,   550.0,   419.0, 32768.0, ...
2266570,  1196.0,   549.7,   419.0, 32768.0, ...
ESACC L  2266556, 2266570, 16,  1169.4,   568.0,  1196.0,   549.7,    0.61,      53
SFIX L   2266572
2266572,  1196.1,   549.4,   419.0, 32768.0, ...
2266574,  1196.2,   549.3,   419.0, 32768.0, ...
2266576,  1196.4,   549.3,   419.0, 32768.0, ...
2266578,  1196.6,   549.2,   419.0, 32768.0, ...
2266580,  1196.8,   549.0,   420.0, 32768.0, ...
2266582,  1197.2,   548.5,   420.0, 32768.0, ...
2266584,  1197.7,   548.2,   419.0, 32768.0, ...
2266586,  1198.3,   547.8,   419.0, 32768.0, ...
2266588,  1198.8,   547.4,   419.0, 32768.0, ...
2266590,  1199.1,   546.9,   419.0, 32768.0, ...
2266592,  1199.4,   546.3,   418.0, 32768.0, ...
2266594,  1199.6,   545.7,   418.0, 32768.0, ...
2266596,  1199.7,   545.1,   418.0, 32768.0, ...
2266598,  1199.6,   544.5,   418.0, 32768.0, ...
2266600,  1199.5,   543.8,   418.0, 32768.0, ...
2266602,  1199.4,   543.4,   418.0, 32768.0, ...
2266604,  1199.4,   543.0,   418.0, 32768.0, ...
2266606,  1199.4,   542.8,   418.0, 32768.0, ...
2266608,  1199.5,   542.6,   418.0, 32768.0, ...
2266610,  1199.6,   543.1,   419.0, 32768.0, ...
2266612,  1199.6,   543.7,   420.0, 32768.0, ...
2266614,  1199.7,   544.3,   421.0, 32768.0, ...
2266616,  1199.7,   544.9,   421.0, 32768.0, ...
2266618,  1199.7,   545.4,   422.0, 32768.0, ...
2266620,  1199.7,   546.0,   422.0, 32768.0, ...
2266622,  1199.7,   546.5,   423.0, 32768.0, ...
2266624,  1199.7,   546.3,   423.0, 32768.0, ...
2266626,  1199.7,   546.1,   422.0, 32768.0, ...
2266628,  1200.0,   545.9,   422.0, 32768.0, ...
2266630,  1200.3,   545.7,   422.0, 32768.0, ...
2266632,  1200.6,   545.5,   422.0, 32768.0, ...
2266634,  1200.9,   545.3,   422.0, 32768.0, ...
2266636,  1201.3,   545.1,   422.0, 32768.0, ...
2266638,  1201.6,   544.8,   422.0, 32768.0, ...
2266640,  1201.7,   544.5,   422.0, 32768.0, ...
2266642,  1201.6,   544.1,   422.0, 32768.0, ...
2266644,  1201.5,   543.9,   422.0, 32768.0, ...
2266646,  1201.4,   543.7,   422.0, 32768.0, ...
2266648,  1201.3,   543.7,   423.0, 32768.0, ...
2266650,  1201.2,   543.8,   423.0, 32768.0, ...
2266652,  1201.0,   543.9,   424.0, 32768.0, ...
2266654,  1200.8,   544.3,   424.0, 32768.0, ...
2266656,  1200.7,   544.8,   425.0, 32768.0, ...
2266658,  1200.5,   545.2,   425.0, 32768.0, ...
2266660,  1200.3,   545.6,   426.0, 32768.0, ...
2266662,  1200.2,   545.8,   426.0, 32768.0, ...
2266664,  1200.2,   545.5,   426.0, 32768.0, ...
2266666,  1200.5,   545.3,   426.0, 32768.0, ...
2266668,  1200.9,   545.1,   426.0, 32768.0, ...
2266670,  1201.3,   544.8,   426.0, 32768.0, ...
2266672,  1201.9,   544.6,   426.0, 32768.0, ...
2266674,  1202.4,   544.4,   426.0, 32768.0, ...
2266676,  1202.9,   544.3,   426.0, 32768.0, ...
2266678,  1203.0,   544.6,   426.0, 32768.0, ...
2266680,  1202.8,   545.0,   426.0, 32768.0, ...
2266682,  1202.6,   545.3,   426.0, 32768.0, ...
2266684,  1202.3,   545.6,   426.0, 32768.0, ...
2266686,  1202.0,   545.8,   426.0, 32768.0, ...
2266688,  1201.8,   546.0,   426.0, 32768.0, ...
2266690,  1201.7,   546.2,   426.0, 32768.0, ...
2266692,  1201.8,   546.5,   426.0, 32768.0, ...
2266694,  1201.9,   547.0,   426.0, 32768.0, ...
2266696,  1201.9,   547.6,   426.0, 32768.0, ...
2266698,  1202.1,   548.1,   427.0, 32768.0, ...
2266700,  1202.1,   548.4,   427.0, 32768.0, ...
2266702,  1202.1,   548.5,   428.0, 32768.0, ...
2266704,  1202.1,   548.4,   428.0, 32768.0, ...
2266706,  1202.2,   548.1,   429.0, 32768.0, ...
2266708,  1202.4,   547.7,   429.0, 32768.0, ...
2266710,  1202.5,   547.1,   428.0, 32768.0, ...
2266712,  1202.6,   546.6,   428.0, 32768.0, ...
2266714,  1202.6,   546.2,   427.0, 32768.0, ...
2266716,  1202.6,   545.9,   427.0, 32768.0, ...
2266718,  1201.9,   544.9,   426.0, 32768.0, ...
2266720,  1201.2,   542.9,   426.0, 32768.0, ...
EFIX L   2266572, 2266720, 150,  1200.5,   545.7,     423
SSACC L  2266722
2266722,  1200.4,   539.7,   427.0, 32768.0, ...
2266724,  1199.7,   535.2,   427.0, 32768.0, ...
2266726,  1199.0,   529.5,   427.0, 32768.0, ...
2266728,  1198.4,   523.5,   427.0, 32768.0, ...
2266730,  1198.0,   517.1,   427.0, 32768.0, ...
2266732,  1198.3,   510.1,   428.0, 32768.0, ...
2266734,  1199.5,   504.0,   428.0, 32768.0, ...
2266736,  1200.9,   498.4,   428.0, 32768.0, ...
2266738,  1202.3,   494.0,   428.0, 32768.0, ...
2266740,  1203.7,   490.8,   429.0, 32768.0, ...
2266742,  1205.1,   488.2,   429.0, 32768.0, ...
ESACC L  2266722, 2266742, 22,  1200.4,   539.7,  1205.1,   488.2,    0.97,      59
SFIX L   2266744
2266744,  1206.3,   486.0,   429.0, 32768.0, ...
2266746,  1207.4,   485.3,   430.0, 32768.0, ...
2266748,  1207.7,   484.7,   430.0, 32768.0, ...
2266750,  1207.8,   484.9,   430.0, 32768.0, ...
2266752,  1207.8,   485.2,   431.0, 32768.0, ...
2266754,  1207.6,   485.5,   431.0, 32768.0, ...
2266756,  1207.4,   485.7,   431.0, 32768.0, ...
2266758,  1207.2,   485.8,   432.0, 32768.0, ...
2266760,  1207.1,   485.6,   431.0, 32768.0, ...
2266762,  1206.8,   485.3,   431.0, 32768.0, ...
2266764,  1206.6,   485.0,   431.0, 32768.0, ...
2266766,  1206.5,   484.6,   430.0, 32768.0, ...
2266768,  1206.4,   484.1,   429.0, 32768.0, ...
2266770,  1206.3,   483.7,   429.0, 32768.0, ...
2266772,  1206.2,   483.4,   428.0, 32768.0, ...
2266774,  1206.0,   483.2,   428.0, 32768.0, ...
2266776,  1205.7,   483.1,   428.0, 32768.0, ...
2266778,  1205.3,   483.1,   428.0, 32768.0, ...
2266780,  1205.1,   483.0,   428.0, 32768.0, ...
2266782,  1204.8,   483.0,   428.0, 32768.0, ...
2266784,  1204.5,   482.9,   428.0, 32768.0, ...
2266786,  1204.2,   482.9,   428.0, 32768.0, ...
2266788,  1204.1,   482.8,   428.0, 32768.0, ...
2266790,  1204.3,   482.9,   428.0, 32768.0, ...
2266792,  1204.5,   483.1,   428.0, 32768.0, ...
2266794,  1205.3,   483.7,   428.0, 32768.0, ...
2266796,  1206.1,   484.3,   429.0, 32768.0, ...
2266798,  1207.0,   485.0,   429.0, 32768.0, ...
2266800,  1207.9,   485.7,   429.0, 32768.0, ...
2266802,  1208.7,   486.3,   430.0, 32768.0, ...
2266804,  1208.6,   487.0,   430.0, 32768.0, ...
2266806,  1208.5,   487.4,   430.0, 32768.0, ...
2266808,  1207.7,   487.4,   430.0, 32768.0, ...
2266810,  1207.0,   487.1,   430.0, 32768.0, ...
2266812,  1206.2,   486.8,   430.0, 32768.0, ...
2266814,  1205.4,   486.5,   430.0, 32768.0, ...
2266816,  1204.6,   485.9,   430.0, 32768.0, ...
2266818,  1204.6,   485.3,   429.0, 32768.0, ...
2266820,  1204.6,   484.9,   429.0, 32768.0, ...
2266822,  1204.7,   484.6,   429.0, 32768.0, ...
2266824,  1204.9,   484.9,   429.0, 32768.0, ...
2266826,  1205.2,   485.3,   428.0, 32768.0, ...
2266828,  1205.4,   485.5,   428.0, 32768.0, ...
2266830,  1205.6,   485.9,   428.0, 32768.0, ...
2266832,  1205.8,   485.8,   428.0, 32768.0, ...
2266834,  1206.1,   485.6,   429.0, 32768.0, ...
2266836,  1206.4,   485.0,   429.0, 32768.0, ...
2266838,  1206.7,   482.9,   429.0, 32768.0, ...
EFIX L   2266744, 2266838, 96,  1206.2,   484.9,     429
SSACC L  2266840
2266840,  1207.0,   479.5,   429.0, 32768.0, ...
2266842,  1207.2,   474.0,   429.0, 32768.0, ...
2266844,  1207.4,   468.3,   429.0, 32768.0, ...
2266846,  1207.5,   462.9,   430.0, 32768.0, ...
2266848,  1207.4,   457.3,   429.0, 32768.0, ...
2266850,  1207.2,   451.5,   429.0, 32768.0, ...
2266852,  1206.8,   446.8,   429.0, 32768.0, ...
2266854,  1206.5,   443.4,   428.0, 32768.0, ...
2266856,  1206.1,   442.3,   428.0, 32768.0, ...
ESACC L  2266840, 2266856, 18,  1207.0,   479.5,  1206.1,   442.3,    0.70,      52
SFIX L   2266858
2266858,  1205.7,   441.6,   428.0, 32768.0, ...
2266860,  1205.3,   441.0,   428.0, 32768.0, ...
2266862,  1205.2,   440.5,   428.0, 32768.0, ...
2266864,  1205.0,   440.0,   428.0, 32768.0, ...
2266866,  1204.7,   439.6,   428.0, 32768.0, ...
2266868,  1204.5,   439.0,   428.0, 32768.0, ...
2266870,  1204.5,   438.3,   429.0, 32768.0, ...
2266872,  1204.8,   437.3,   429.0, 32768.0, ...
2266874,  1205.1,   436.6,   429.0, 32768.0, ...
2266876,  1205.3,   436.0,   429.0, 32768.0, ...
2266878,  1205.6,   436.1,   429.0, 32768.0, ...
2266880,  1205.9,   436.2,   428.0, 32768.0, ...
2266882,  1205.9,   436.7,   428.0, 32768.0, ...
2266884,  1205.9,   437.2,   428.0, 32768.0, ...
2266886,  1205.7,   437.8,   428.0, 32768.0, ...
2266888,  1205.4,   438.3,   428.0, 32768.0, ...
2266890,  1205.1,   438.7,   428.0, 32768.0, ...
2266892,  1204.7,   438.9,   428.0, 32768.0, ...
2266894,  1204.3,   439.1,   429.0, 32768.0, ...
2266896,  1204.1,   439.1,   429.0, 32768.0, ...
2266898,  1203.9,   438.9,   429.0, 32768.0, ...
2266900,  1203.9,   438.8,   429.0, 32768.0, ...
2266902,  1203.9,   438.4,   429.0, 32768.0, ...
2266904,  1204.0,   438.0,   429.0, 32768.0, ...
2266906,  1204.2,   437.5,   429.0, 32768.0, ...
2266908,  1204.4,   437.1,   430.0, 32768.0, ...
2266910,  1204.3,   436.8,   429.0, 32768.0, ...
2266912,  1204.3,   436.8,   429.0, 32768.0, ...
2266914,  1203.7,   436.9,   429.0, 32768.0, ...
2266916,  1203.1,   437.0,   429.0, 32768.0, ...
2266918,  1202.6,   437.2,   429.0, 32768.0, ...
2266920,  1202.2,   437.3,   428.0, 32768.0, ...
2266922,  1201.9,   437.4,   428.0, 32768.0, ...
2266924,  1201.8,   437.4,   427.0, 32768.0, ...
2266926,  1201.9,   437.1,   427.0, 32768.0, ...
2266928,  1202.3,   436.7,   426.0, 32768.0, ...
2266930,  1202.8,   436.4,   426.0, 32768.0, ...
2266932,  1203.2,   436.1,   426.0, 32768.0, ...
2266934,  1203.4,   435.9,   426.0, 32768.0, ...
2266936,  1203.7,   435.7,   426.0, 32768.0, ...
2266938,  1203.9,   435.7,   426.0, 32768.0, ...
2266940,  1203.9,   436.0,   426.0, 32768.0, ...
2266942,  1204.0,   436.6,   426.0, 32768.0, ...
2266944,  1204.1,   437.5,   426.0, 32768.0, ...
2266946,  1204.4,   438.5,   426.0, 32768.0, ...
2266948,  1204.9,   439.4,   427.0, 32768.0, ...
2266950,  1205.5,   440.2,   427.0, 32768.0, ...
2266952,  1206.0,   440.8,   428.0, 32768.0, ...
2266954,  1206.5,   441.1,   428.0, 32768.0, ...
2266956,  1206.8,   441.3,   428.0, 32768.0, ...
2266958,  1207.1,   441.1,   428.0, 32768.0, ...
2266960,  1207.0,   440.9,   428.0, 32768.0, ...
2266962,  1206.7,   440.7,   428.0, 32768.0, ...
2266964,  1206.4,   440.6,   428.0, 32768.0, ...
2266966,  1206.0,   440.5,   428.0, 32768.0, ...
2266968,  1205.6,   440.3,   428.0, 32768.0, ...
2266970,  1205.4,   440.1,   428.0, 32768.0, ...
2266972,  1205.2,   439.9,   427.0, 32768.0, ...
2266974,  1205.2,   439.1,   427.0, 32768.0, ...
2266976,  1205.2,   438.3,   427.0, 32768.0, ...
2266978,  1205.2,   437.6,   426.0, 32768.0, ...
2266980,  1205.2,   437.1,   426.0, 32768.0, ...
2266982,  1205.2,   436.9,   426.0, 32768.0, ...
2266984,  1205.0,   436.9,   426.0, 32768.0, ...
2266986,  1204.7,   436.9,   426.0, 32768.0, ...
2266988,  1204.4,   437.8,   426.0, 32768.0, ...
2266990,  1204.1,   438.6,   426.0, 32768.0, ...
2266992,  1203.9,   439.5,   426.0, 32768.0, ...
2266994,  1203.8,   440.1,   426.0, 32768.0, ...
2266996,  1203.6,   440.4,   425.0, 32768.0, ...
2266998,  1203.7,   440.4,   425.0, 32768.0, ...
2267000,  1203.8,   440.3,   425.0, 32768.0, ...
2267002,  1204.0,   440.0,   425.0, 32768.0, ...
2267004,  1204.1,   439.7,   425.0, 32768.0, ...
2267006,  1204.4,   439.4,   424.0, 32768.0, ...
2267008,  1205.0,   439.3,   424.0, 32768.0, ...
2267010,  1205.5,   439.3,   424.0, 32768.0, ...
2267012,  1206.0,   439.5,   424.0, 32768.0, ...
2267014,  1206.7,   439.7,   424.0, 32768.0, ...
2267016,  1207.5,   439.9,   424.0, 32768.0, ...
2267018,  1208.2,   440.1,   425.0, 32768.0, ...
2267020,  1208.8,   440.1,   425.0, 32768.0, ...
2267022,  1209.4,   440.2,   425.0, 32768.0, ...
2267024,  1209.9,   440.2,   425.0, 32768.0, ...
2267026,  1210.4,   440.3,   425.0, 32768.0, ...
2267028,  1210.7,   440.4,   426.0, 32768.0, ...
2267030,  1210.9,   440.6,   426.0, 32768.0, ...
2267032,  1210.7,   440.7,   426.0, 32768.0, ...
2267034,  1210.5,   440.8,   426.0, 32768.0, ...
2267036,  1210.1,   440.9,   426.0, 32768.0, ...
2267038,  1209.8,   441.1,   426.0, 32768.0, ...
2267040,  1209.5,   441.3,   426.0, 32768.0, ...
2267042,  1209.2,   441.5,   426.0, 32768.0, ...
2267044,  1209.0,   441.6,   426.0, 32768.0, ...
2267046,  1209.0,   441.8,   426.0, 32768.0, ...
2267048,  1208.8,   442.0,   426.0, 32768.0, ...
2267050,  1208.7,   442.0,   426.0, 32768.0, ...
2267052,  1208.6,   442.3,   425.0, 32768.0, ...
2267054,  1208.5,   442.6,   425.0, 32768.0, ...
2267056,  1208.4,   442.9,   425.0, 32768.0, ...
2267058,  1208.3,   443.1,   425.0, 32768.0, ...
2267060,  1208.4,   443.3,   426.0, 32768.0, ...
2267062,  1208.5,   443.3,   426.0, 32768.0, ...
2267064,  1208.6,   443.1,   426.0, 32768.0, ...
2267066,  1208.6,   442.9,   426.0, 32768.0, ...
2267068,  1208.6,   442.4,   427.0, 32768.0, ...
2267070,  1208.2,   441.9,   427.0, 32768.0, ...
2267072,  1207.7,   441.6,   427.0, 32768.0, ...
2267074,  1207.2,   441.3,   428.0, 32768.0, ...
2267076,  1206.6,   441.1,   428.0, 32768.0, ...
2267078,  1206.0,   441.1,   428.0, 32768.0, ...
2267080,  1205.5,   441.2,   428.0, 32768.0, ...
2267082,  1205.1,   441.4,   428.0, 32768.0, ...
2267084,  1205.1,   441.7,   428.0, 32768.0, ...
2267086,  1205.2,   442.0,   427.0, 32768.0, ...
2267088,  1205.4,   442.2,   427.0, 32768.0, ...
2267090,  1205.4,   442.3,   426.0, 32768.0, ...
2267092,  1205.5,   442.2,   426.0, 32768.0, ...
2267094,  1205.5,   442.0,   425.0, 32768.0, ...
2267096,  1205.4,   441.7,   425.0, 32768.0, ...
2267098,  1205.3,   441.4,   424.0, 32768.0, ...
2267100,  1205.2,   441.1,   423.0, 32768.0, ...
2267102,  1205.0,   441.0,   423.0, 32768.0, ...
2267104,  1204.8,   441.0,   422.0, 32768.0, ...
2267106,  1204.6,   441.3,   422.0, 32768.0, ...
2267108,  1204.4,   441.4,   422.0, 32768.0, ...
2267110,  1204.3,   441.5,   422.0, 32768.0, ...
2267112,  1204.3,   441.1,   422.0, 32768.0, ...
2267114,  1204.4,   440.5,   422.0, 32768.0, ...
2267116,  1204.6,   439.7,   422.0, 32768.0, ...
2267118,  1204.9,   438.9,   422.0, 32768.0, ...
2267120,  1205.3,   438.2,   422.0, 32768.0, ...
2267122,  1205.6,   437.7,   422.0, 32768.0, ...
2267124,  1205.8,   437.4,   422.0, 32768.0, ...
2267126,  1206.0,   437.4,   422.0, 32768.0, ...
2267128,  1206.2,   437.4,   422.0, 32768.0, ...
2267130,  1206.5,   437.2,   422.0, 32768.0, ...
2267132,  1206.9,   437.0,   421.0, 32768.0, ...
2267134,  1207.2,   436.9,   421.0, 32768.0, ...
2267136,  1207.6,   436.7,   421.0, 32768.0, ...
2267138,  1208.1,   436.9,   421.0, 32768.0, ...
2267140,  1208.5,   437.3,   421.0, 32768.0, ...
2267142,  1208.8,   437.8,   421.0, 32768.0, ...
2267144,  1208.9,   438.5,   420.0, 32768.0, ...
2267146,  1209.0,   439.5,   420.0, 32768.0, ...
2267148,  1209.1,   440.4,   421.0, 32768.0, ...
2267150,  1209.1,   441.2,   421.0, 32768.0, ...
2267152,  1209.1,   441.5,   422.0, 32768.0, ...
2267154,  1208.9,   441.8,   422.0, 32768.0, ...
2267156,  1208.5,   442.0,   423.0, 32768.0, ...
2267158,  1208.2,   442.4,   423.0, 32768.0, ...
2267160,  1207.9,   442.5,   424.0, 32768.0, ...
2267162,  1207.5,   442.6,   424.0, 32768.0, ...
2267164,  1207.2,   442.8,   424.0, 32768.0, ...
2267166,  1206.7,   442.9,   423.0, 32768.0, ...
2267168,  1206.3,   443.0,   423.0, 32768.0, ...
2267170,  1206.0,   443.1,   423.0, 32768.0, ...
2267172,  1205.8,   443.2,   423.0, 32768.0, ...
2267174,  1205.5,   443.3,   423.0, 32768.0, ...
2267176,  1205.2,   443.4,   423.0, 32768.0, ...
2267178,  1205.0,   443.6,   423.0, 32768.0, ...
2267180,  1205.0,   443.7,   423.0, 32768.0, ...
2267182,  1205.1,   443.8,   423.0, 32768.0, ...
2267184,  1205.3,   443.8,   422.0, 32768.0, ...
2267186,  1205.4,   443.8,   422.0, 32768.0, ...
2267188,  1205.3,   443.7,   422.0, 32768.0, ...
2267190,  1205.3,   443.0,   422.0, 32768.0, ...
2267192,  1205.3,   442.3,   421.0, 32768.0, ...
2267194,  1205.2,   441.5,   421.0, 32768.0, ...
2267196,  1205.0,   440.8,   422.0, 32768.0, ...
2267198,  1204.9,   440.2,   422.0, 32768.0, ...
2267200,  1204.8,   439.6,   422.0, 32768.0, ...
2267202,  1204.9,   439.0,   422.0, 32768.0, ...
2267204,  1205.0,   439.0,   422.0, 32768.0, ...
2267206,  1205.1,   439.0,   422.0, 32768.0, ...
2267208,  1205.3,   438.9,   421.0, 32768.0, ...
2267210,  1205.4,   438.9,   421.0, 32768.0, ...
2267212,  1205.5,   438.8,   420.0, 32768.0, ...
2267214,  1205.8,   438.7,   420.0, 32768.0, ...
2267216,  1205.9,   438.6,   419.0, 32768.0, ...
2267218,  1206.0,   438.5,   419.0, 32768.0, ...
2267220,  1206.0,   438.4,   419.0, 32768.0, ...
2267222,  1206.0,   438.5,   419.0, 32768.0, ...
2267224,  1206.0,   438.5,   419.0, 32768.0, ...
2267226,  1206.0,   438.8,   419.0, 32768.0, ...
2267228,  1206.0,   439.1,   419.0, 32768.0, ...
2267230,  1206.1,   439.3,   419.0, 32768.0, ...
2267232,  1206.4,   439.5,   419.0, 32768.0, ...
2267234,  1206.6,   439.8,   419.0, 32768.0, ...
2267236,  1206.8,   440.0,   419.0, 32768.0, ...
2267238,  1206.8,   440.2,   419.0, 32768.0, ...
2267240,  1206.6,   440.2,   419.0, 32768.0, ...
2267242,  1206.3,   440.2,   419.0, 32768.0, ...
2267244,  1205.9,   440.1,   418.0, 32768.0, ...
2267246,  1205.6,   440.0,   418.0, 32768.0, ...
2267248,  1205.3,   439.9,   418.0, 32768.0, ...
2267250,  1205.1,   439.8,   418.0, 32768.0, ...
2267252,  1205.0,   439.7,   418.0, 32768.0, ...
2267254,  1205.1,   439.6,   418.0, 32768.0, ...
2267256,  1205.3,   439.4,   418.0, 32768.0, ...
2267258,  1205.4,   439.5,   418.0, 32768.0, ...
2267260,  1205.9,   439.7,   418.0, 32768.0, ...
2267262,  1206.6,   440.0,   419.0, 32768.0, ...
2267264,  1207.1,   440.3,   419.0, 32768.0, ...
2267266,  1207.7,   440.6,   419.0, 32768.0, ...
2267268,  1208.2,   441.0,   419.0, 32768.0, ...
2267270,  1208.6,   441.5,   420.0, 32768.0, ...
2267272,  1208.9,   441.8,   420.0, 32768.0, ...
2267274,  1208.6,   441.9,   420.0, 32768.0, ...
2267276,  1208.1,   441.8,   420.0, 32768.0, ...
2267278,  1207.5,   441.8,   420.0, 32768.0, ...
2267280,  1207.0,   441.7,   419.0, 32768.0, ...
2267282,  1206.6,   441.5,   419.0, 32768.0, ...
2267284,  1206.2,   441.3,   419.0, 32768.0, ...
2267286,  1205.9,   441.1,   419.0, 32768.0, ...
2267288,  1205.7,   441.0,   419.0, 32768.0, ...
2267290,  1205.5,   440.8,   419.0, 32768.0, ...
2267292,  1205.3,   440.6,   419.0, 32768.0, ...
2267294,  1205.0,   440.4,   419.0, 32768.0, ...
2267296,  1204.7,   440.1,   420.0, 32768.0, ...
2267298,  1204.4,   439.8,   420.0, 32768.0, ...
2267300,  1204.2,   439.5,   420.0, 32768.0, ...
2267302,  1204.3,   439.3,   420.0, 32768.0, ...
2267304,  1204.4,   439.4,   420.0, 32768.0, ...
2267306,  1204.5,   439.4,   419.0, 32768.0, ...
2267308,  1204.6,   439.5,   419.0, 32768.0, ...
2267310,  1204.8,   439.8,   418.0, 32768.0, ...
2267312,  1205.0,   440.2,   418.0, 32768.0, ...
2267314,  1205.1,   440.7,   418.0, 32768.0, ...
2267316,  1205.3,   441.1,   418.0, 32768.0, ...
2267318,  1205.5,   441.4,   418.0, 32768.0, ...
2267320,  1205.9,   441.6,   419.0, 32768.0, ...
2267322,  1206.4,   441.8,   419.0, 32768.0, ...
2267324,  1206.9,   442.0,   420.0, 32768.0, ...
2267326,  1207.3,   441.9,   421.0, 32768.0, ...
2267328,  1207.7,   442.1,   421.0, 32768.0, ...
2267330,  1207.6,   442.4,   422.0, 32768.0, ...
2267332,  1207.1,   442.7,   423.0, 32768.0, ...
2267334,  1206.5,   443.0,   424.0, 32768.0, ...
2267336,  1205.9,   443.3,   425.0, 32768.0, ...
2267338,  1205.3,   443.7,   425.0, 32768.0, ...
2267340,  1204.6,   444.3,   425.0, 32768.0, ...
2267342,  1204.0,   444.5,   425.0, 32768.0, ...
2267344,  1203.6,   444.7,   425.0, 32768.0, ...
2267346,  1203.5,   444.8,   424.0, 32768.0, ...
2267348,  1203.5,   444.9,   423.0, 32768.0, ...
2267350,  1203.6,   444.4,   423.0, 32768.0, ...
2267352,  1203.7,   444.1,   422.0, 32768.0, ...
2267354,  1203.8,   443.6,   422.0, 32768.0, ...
2267356,  1203.8,   443.2,   421.0, 32768.0, ...
2267358,  1203.9,   442.6,   421.0, 32768.0, ...
2267360,  1203.9,   442.2,   421.0, 32768.0, ...
2267362,  1203.7,   441.5,   421.0, 32768.0, ...
2267364,  1203.5,   441.3,   421.0, 32768.0, ...
2267366,  1202.8,   441.1,   421.0, 32768.0, ...
2267368,  1202.3,   440.8,   421.0, 32768.0, ...
2267370,  1201.8,   440.5,   422.0, 32768.0, ...
2267372,  1201.2,   440.5,   422.0, 32768.0, ...
2267374,  1200.7,   440.7,   422.0, 32768.0, ...
2267376,  1200.2,   441.0,   422.0, 32768.0, ...
2267378,  1199.8,   441.3,   422.0, 32768.0, ...
2267380,  1199.9,   441.6,   421.0, 32768.0, ...
2267382,  1199.9,   442.0,   421.0, 32768.0, ...
2267384,  1199.9,   442.2,   421.0, 32768.0, ...
2267386,  1199.9,   442.1,   421.0, 32768.0, ...
2267388,  1200.0,   441.6,   421.0, 32768.0, ...
2267390,  1200.1,   441.2,   421.0, 32768.0, ...
2267392,  1200.1,   440.6,   421.0, 32768.0, ...
2267394,  1200.1,   440.0,   421.0, 32768.0, ...
2267396,  1200.1,   439.3,   421.0, 32768.0, ...
2267398,  1200.3,   438.8,   421.0, 32768.0, ...
2267400,  1200.4,   438.5,   422.0, 32768.0, ...
2267402,  1200.5,   438.2,   422.0, 32768.0, ...
2267404,  1200.5,   437.8,   422.0, 32768.0, ...
2267406,  1200.6,   437.6,   422.0, 32768.0, ...
2267408,  1200.6,   437.7,   422.0, 32768.0, ...
2267410,  1200.4,   438.0,   422.0, 32768.0, ...
2267412,  1200.2,   438.4,   422.0, 32768.0, ...
2267414,  1199.9,   438.9,   422.0, 32768.0, ...
2267416,  1199.7,   439.6,   421.0, 32768.0, ...
2267418,  1199.5,   440.4,   421.0, 32768.0, ...
2267420,  1199.5,   441.4,   421.0, 32768.0, ...
EFIX L   2266858, 2267420, 564,  1205.3,   440.2,     423
SSACC L  2267422
2267422,  1200.0,   443.1,   421.0, 32768.0, ...
2267424,  1201.8,   447.2,   421.0, 32768.0, ...
2267426,  1205.5,   453.8,   422.0, 32768.0, ...
2267428,  1209.2,   463.2,   422.0, 32768.0, ...
2267430,  1214.6,   475.8,   423.0, 32768.0, ...
2267432,  1220.3,   493.1,   424.0, 32768.0, ...
2267434,  1225.9,   512.1,   424.0, 32768.0, ...
2267436,  1231.0,   534.3,   425.0, 32768.0, ...
2267438,  1234.7,   555.6,   425.0, 32768.0, ...
2267440,  1236.3,   574.7,   425.0, 32768.0, ...
2267442,  1237.1,   590.9,   424.0, 32768.0, ...
2267444,  1235.7,   606.0,   423.0, 32768.0, ...
2267446,  1233.7,   621.1,   423.0, 32768.0, ...
2267448,  1231.9,   634.2,   422.0, 32768.0, ...
2267450,  1230.1,   644.0,   421.0, 32768.0, ...
2267452,  1229.0,   652.1,   420.0, 32768.0, ...
2267454,  1228.1,   660.0,   419.0, 32768.0, ...
2267456,  1228.1,   668.0,   418.0, 32768.0, ...
2267458,  1228.9,   673.7,   418.0, 32768.0, ...
ESACC L  2267422, 2267458, 38,  1200.0,   443.1,  1228.9,   673.7,    4.34,     193
SFIX L   2267460
2267460,  1229.5,   675.3,   417.0, 32768.0, ...
2267462,  1229.9,   676.9,   416.0, 32768.0, ...
2267464,  1229.6,   678.1,   416.0, 32768.0, ...
2267466,  1228.9,   679.2,   415.0, 32768.0, ...
2267468,  1228.2,   680.4,   416.0, 32768.0, ...
2267470,  1227.5,   682.1,   416.0, 32768.0, ...
2267472,  1226.7,   683.7,   417.0, 32768.0, ...
2267474,  1226.1,   685.0,   417.0, 32768.0, ...
2267476,  1225.7,   686.4,   418.0, 32768.0, ...
2267478,  1225.7,   688.3,   418.0, 32768.0, ...
2267480,  1225.8,   690.0,   419.0, 32768.0, ...
2267482,  1225.8,   691.5,   419.0, 32768.0, ...
2267484,  1225.1,   692.3,   419.0, 32768.0, ...
2267486,  1224.4,   693.1,   419.0, 32768.0, ...
2267488,  1223.7,   693.7,   419.0, 32768.0, ...
2267490,  1223.1,   695.4,   419.0, 32768.0, ...
2267492,  1222.6,   696.9,   420.0, 32768.0, ...
2267494,  1222.2,   698.4,   420.0, 32768.0, ...
2267496,  1221.8,   699.9,   421.0, 32768.0, ...
2267498,  1222.1,   701.4,   421.0, 32768.0, ...
2267500,  1222.3,   702.9,   422.0, 32768.0, ...
2267502,  1222.6,   704.4,   422.0, 32768.0, ...
2267504,  1222.8,   704.6,   422.0, 32768.0, ...
2267506,  1222.8,   704.3,   422.0, 32768.0, ...
2267508,  1222.8,   703.5,   422.0, 32768.0, ...
2267510,  1222.5,   701.8,   422.0, 32768.0, ...
2267512,  1222.4,   700.0,   421.0, 32768.0, ...
2267514,  1222.2,   698.1,   420.0, 32768.0, ...
2267516,  1221.9,   696.0,   419.0, 32768.0, ...
2267518,  1221.4,   694.0,   418.0, 32768.0, ...
2267520,  1221.0,   692.1,   417.0, 32768.0, ...
2267522,  1220.6,   690.8,   416.0, 32768.0, ...
2267524,  1220.6,   690.4,   415.0, 32768.0, ...
2267526,  1220.6,   690.4,   415.0, 32768.0, ...
2267528,  1220.8,   690.6,   415.0, 32768.0, ...
2267530,  1221.1,   691.1,   416.0, 32768.0, ...
2267532,  1221.5,   691.4,   416.0, 32768.0, ...
2267534,  1221.9,   691.7,   416.0, 32768.0, ...
2267536,  1222.3,   692.0,   416.0, 32768.0, ...
2267538,  1222.7,   692.3,   417.0, 32768.0, ...
2267540,  1222.9,   692.5,   417.0, 32768.0, ...
2267542,  1223.0,   692.4,   417.0, 32768.0, ...
2267544,  1222.9,   692.5,   418.0, 32768.0, ...
2267546,  1222.6,   692.8,   418.0, 32768.0, ...
2267548,  1222.3,   693.0,   419.0, 32768.0, ...
2267550,  1221.9,   693.1,   419.0, 32768.0, ...
2267552,  1221.5,   693.4,   419.0, 32768.0, ...
2267554,  1221.1,   693.9,   419.0, 32768.0, ...
2267556,  1220.3,   694.9,   420.0, 32768.0, ...
2267558,  1219.6,   696.0,   420.0, 32768.0, ...
2267560,  1219.1,   697.1,   421.0, 32768.0, ...
2267562,  1218.7,   698.2,   421.0, 32768.0, ...
2267564,  1218.3,   699.4,   422.0, 32768.0, ...
2267566,  1217.9,   700.4,   422.0, 32768.0, ...
2267568,  1217.5,   701.1,   423.0, 32768.0, ...
2267570,  1217.6,   701.0,   424.0, 32768.0, ...
2267572,  1217.8,   700.9,   424.0, 32768.0, ...
2267574,  1218.1,   700.8,   425.0, 32768.0, ...
2267576,  1218.4,   700.5,   425.0, 32768.0, ...
2267578,  1218.6,   700.0,   425.0, 32768.0, ...
2267580,  1218.7,   698.6,   424.0, 32768.0, ...
2267582,  1218.8,   697.4,   423.0, 32768.0, ...
2267584,  1218.8,   696.1,   422.0, 32768.0, ...
2267586,  1218.9,   694.8,   421.0, 32768.0, ...
2267588,  1218.8,   693.5,   420.0, 32768.0, ...
2267590,  1218.8,   692.5,   419.0, 32768.0, ...
2267592,  1218.8,   691.9,   418.0, 32768.0, ...
2267594,  1219.0,   692.1,   418.0, 32768.0, ...
2267596,  1219.2,   692.2,   417.0, 32768.0, ...
2267598,  1219.2,   692.5,   417.0, 32768.0, ...
2267600,  1219.1,   692.8,   417.0, 32768.0, ...
2267602,  1219.1,   693.2,   417.0, 32768.0, ...
2267604,  1219.1,   693.5,   417.0, 32768.0, ...
2267606,  1219.3,   693.7,   417.0, 32768.0, ...
2267608,  1219.5,   693.9,   418.0, 32768.0, ...
2267610,  1219.8,   694.4,   418.0, 32768.0, ...
2267612,  1220.2,   694.7,   419.0, 32768.0, ...
2267614,  1220.6,   695.0,   419.0, 32768.0, ...
2267616,  1221.1,   695.7,   420.0, 32768.0, ...
2267618,  1221.4,   696.3,   421.0, 32768.0, ...
2267620,  1221.7,   697.0,   422.0, 32768.0, ...
2267622,  1221.8,   697.9,   424.0, 32768.0, ...
2267624,  1221.9,   699.0,   425.0, 32768.0, ...
2267626,  1221.9,   700.2,   426.0, 32768.0, ...
2267628,  1221.9,   701.4,   427.0, 32768.0, ...
2267630,  1221.7,   701.9,   428.0, 32768.0, ...
2267632,  1221.5,   702.1,   428.0, 32768.0, ...
2267634,  1221.2,   702.2,   428.0, 32768.0, ...
2267636,  1221.0,   701.9,   428.0, 32768.0, ...
2267638,  1220.7,   700.6,   428.0, 32768.0, ...
2267640,  1220.2,   699.2,   427.0, 32768.0, ...
2267642,  1219.7,   697.8,   427.0, 32768.0, ...
2267644,  1219.4,   696.9,   426.0, 32768.0, ...
2267646,  1219.2,   696.2,   426.0, 32768.0, ...
2267648,  1218.9,   695.6,   426.0, 32768.0, ...
2267650,  1218.7,   694.8,   426.0, 32768.0, ...
2267652,  1218.7,   694.5,   426.0, 32768.0, ...
2267654,  1219.0,   694.1,   426.0, 32768.0, ...
2267656,  1219.4,   693.6,   427.0, 32768.0, ...
2267658,  1219.7,   692.9,   427.0, 32768.0, ...
2267660,  1220.2,   692.2,   427.0, 32768.0, ...
2267662,  1220.7,   691.9,   428.0, 32768.0, ...
2267664,  1221.1,   692.3,   429.0, 32768.0, ...
2267666,  1221.3,   693.2,   429.0, 32768.0, ...
EFIX L   2267460, 2267666, 208,  1221.5,   694.6,     421
SSACC L  2267668
2267668,  1221.3,   694.5,   430.0, 32768.0, ...
2267670,  1221.3,   697.4,   431.0, 32768.0, ...
2267672,  1221.2,   703.1,   432.0, 32768.0, ...
2267674,  1221.0,   712.7,   432.0, 32768.0, ...
2267676,  1221.0,   723.8,   433.0, 32768.0, ...
2267678,  1221.2,   739.3,   434.0, 32768.0, ...
2267680,  1221.7,   757.3,   436.0, 32768.0, ...
2267682,  1222.2,   776.4,   437.0, 32768.0, ...
2267684,  1222.8,   796.0,   438.0, 32768.0, ...
2267686,  1222.2,   814.3,   439.0, 32768.0, ...
2267688,  1220.9,   830.0,   440.0, 32768.0, ...
2267690,  1219.3,   843.9,   441.0, 32768.0, ...
2267692,  1217.5,   852.8,   441.0, 32768.0, ...
2267694,  1215.6,   859.0,   441.0, 32768.0, ...
2267696,  1213.6,   863.6,   441.0, 32768.0, ...
2267698,  1211.6,   866.1,   441.0, 32768.0, ...
2267700,  1210.7,   867.2,   441.0, 32768.0, ...
ESACC L  2267668, 2267700, 34,  1221.3,   694.5,  1210.7,   867.2,    3.19,     169
SFIX L   2267702
2267702,  1210.4,   867.0,   441.0, 32768.0, ...
2267704,  1210.2,   867.2,   441.0, 32768.0, ...
2267706,  1210.0,   867.3,   441.0, 32768.0, ...
2267708,  1209.7,   868.6,   441.0, 32768.0, ...
2267710,  1209.4,   869.9,   441.0, 32768.0, ...
2267712,  1209.1,   871.7,   441.0, 32768.0, ...
2267714,  1208.7,   873.4,   442.0, 32768.0, ...
2267716,  1208.4,   875.0,   442.0, 32768.0, ...
2267718,  1208.2,   876.3,   442.0, 32768.0, ...
2267720,  1207.9,   877.6,   443.0, 32768.0, ...
2267722,  1207.7,   877.6,   443.0, 32768.0, ...
2267724,  1207.6,   877.6,   443.0, 32768.0, ...
2267726,  1207.5,   877.5,   444.0, 32768.0, ...
2267728,  1207.5,   877.2,   444.0, 32768.0, ...
2267730,  1207.6,   876.7,   444.0, 32768.0, ...
2267732,  1207.3,   876.1,   444.0, 32768.0, ...
2267734,  1207.1,   875.4,   444.0, 32768.0, ...
2267736,  1207.0,   874.7,   444.0, 32768.0, ...
2267738,  1206.8,   874.0,   444.0, 32768.0, ...
2267740,  1206.7,   873.1,   445.0, 32768.0, ...
2267742,  1206.6,   872.5,   445.0, 32768.0, ...
2267744,  1206.5,   872.2,   445.0, 32768.0, ...
2267746,  1206.6,   872.4,   446.0, 32768.0, ...
2267748,  1206.7,   872.7,   446.0, 32768.0, ...
2267750,  1206.8,   873.3,   447.0, 32768.0, ...
2267752,  1206.9,   874.1,   447.0, 32768.0, ...
2267754,  1207.0,   875.2,   447.0, 32768.0, ...
2267756,  1207.1,   876.2,   448.0, 32768.0, ...
2267758,  1207.3,   877.2,   448.0, 32768.0, ...
2267760,  1207.5,   877.7,   447.0, 32768.0, ...
2267762,  1207.7,   878.1,   447.0, 32768.0, ...
2267764,  1207.8,   878.4,   447.0, 32768.0, ...
2267766,  1207.8,   878.3,   447.0, 32768.0, ...
2267768,  1207.5,   877.9,   448.0, 32768.0, ...
2267770,  1207.0,   877.5,   448.0, 32768.0, ...
2267772,  1206.5,   877.0,   448.0, 32768.0, ...
2267774,  1206.2,   876.7,   448.0, 32768.0, ...
2267776,  1206.1,   876.7,   449.0, 32768.0, ...
2267778,  1206.1,   876.8,   449.0, 32768.0, ...
2267780,  1206.3,   877.2,   450.0, 32768.0, ...
2267782,  1206.8,   878.2,   451.0, 32768.0, ...
2267784,  1207.1,   879.1,   452.0, 32768.0, ...
2267786,  1207.3,   880.1,   452.0, 32768.0, ...
2267788,  1207.4,   880.9,   453.0, 32768.0, ...
2267790,  1207.4,   881.8,   453.0, 32768.0, ...
2267792,  1207.2,   882.6,   453.0, 32768.0, ...
2267794,  1206.9,   883.4,   453.0, 32768.0, ...
2267796,  1206.2,   883.7,   453.0, 32768.0, ...
2267798,  1205.8,   884.0,   453.0, 32768.0, ...
2267800,  1205.3,   884.4,   453.0, 32768.0, ...
2267802,  1204.8,   884.7,   453.0, 32768.0, ...
2267804,  1204.1,   884.6,   453.0, 32768.0, ...
2267806,  1203.6,   884.4,   452.0, 32768.0, ...
2267808,  1203.0,   884.1,   452.0, 32768.0, ...
2267810,  1202.7,   883.9,   452.0, 32768.0, ...
2267812,  1202.6,   883.6,   451.0, 32768.0, ...
2267814,  1202.7,   883.2,   451.0, 32768.0, ...
2267816,  1202.8,   882.8,   452.0, 32768.0, ...
2267818,  1203.1,   882.5,   453.0, 32768.0, ...
2267820,  1204.0,   882.4,   454.0, 32768.0, ...
2267822,  1205.1,   882.3,   455.0, 32768.0, ...
2267824,  1206.1,   882.3,   456.0, 32768.0, ...
2267826,  1207.1,   882.4,   456.0, 32768.0, ...
2267828,  1207.9,   882.4,   456.0, 32768.0, ...
2267830,  1208.7,   882.4,   455.0, 32768.0, ...
2267832,  1209.3,   882.2,   455.0, 32768.0, ...
2267834,  1209.5,   881.7,   454.0, 32768.0, ...
2267836,  1209.5,   880.9,   453.0, 32768.0, ...
2267838,  1209.5,   880.1,   453.0, 32768.0, ...
2267840,  1209.4,   879.5,   453.0, 32768.0, ...
2267842,  1209.1,   879.2,   453.0, 32768.0, ...
EFIX L   2267702, 2267842, 142,  1207.0,   878.1,     449
SSACC L  2267844
2267844,  1208.7,   880.0,   454.0, 32768.0, ...
2267846,  1208.4,   882.0,   455.0, 32768.0, ...
2267848,  1208.2,   884.2,   456.0, 32768.0, ...
2267850,  1208.3,   891.1,   456.0, 32768.0, ...
2267852,  1208.6,   901.3,   457.0, 32768.0, ...
2267854,  1209.3,   914.9,   458.0, 32768.0, ...
2267856,  1210.5,   929.1,   458.0, 32768.0, ...
2267858,  1212.6,   943.7,   458.0, 32768.0, ...
2267860,  1214.6,   957.0,   459.0, 32768.0, ...
2267862,  1216.5,   970.2,   460.0, 32768.0, ...
2267864,  1217.7,   978.6,   461.0, 32768.0, ...
2267866,  1218.0,   982.5,   462.0, 32768.0, ...
2267868,  1217.2,   982.6,   463.0, 32768.0, ...
2267870,  1216.0,   981.7,   463.0, 32768.0, ...
2267872,  1213.5,   979.6,   464.0, 32768.0, ...
ESACC L  2267844, 2267872, 30,  1208.7,   880.0,  1213.5,   979.6,    1.81,     126
SFIX L   2267874
2267874,  1211.2,   977.7,   464.0, 32768.0, ...
2267876,  1209.1,   976.2,   464.0, 32768.0, ...
2267878,  1207.3,   975.4,   463.0, 32768.0, ...
2267880,  1206.4,   975.8,   463.0, 32768.0, ...
2267882,  1206.2,   976.6,   462.0, 32768.0, ...
2267884,  1206.2,   977.7,   461.0, 32768.0, ...
2267886,  1206.4,   978.9,   461.0, 32768.0, ...
2267888,  1206.5,   980.1,   461.0, 32768.0, ...
2267890,  1206.7,   981.0,   460.0, 32768.0, ...
2267892,  1206.9,   982.2,   461.0, 32768.0, ...
2267894,  1207.2,   983.5,   462.0, 32768.0, ...
2267896,  1207.5,   984.8,   463.0, 32768.0, ...
2267898,  1207.9,   985.8,   464.0, 32768.0, ...
2267900,  1208.1,   986.8,   465.0, 32768.0, ...
2267902,  1208.3,   987.6,   466.0, 32768.0, ...
2267904,  1208.4,   988.1,   467.0, 32768.0, ...
2267906,  1208.4,   987.8,   467.0, 32768.0, ...
2267908,  1208.2,   987.2,   467.0, 32768.0, ...
2267910,  1208.0,   986.7,   467.0, 32768.0, ...
2267912,  1207.8,   986.1,   466.0, 32768.0, ...
2267914,  1207.3,   985.5,   466.0, 32768.0, ...
2267916,  1206.9,   985.1,   465.0, 32768.0, ...
2267918,  1206.6,   984.7,   464.0, 32768.0, ...
2267920,  1206.8,   985.5,   464.0, 32768.0, ...
2267922,  1207.5,   986.3,   465.0, 32768.0, ...
2267924,  1208.2,   987.1,   465.0, 32768.0, ...
2267926,  1208.9,   987.8,   466.0, 32768.0, ...
2267928,  1209.9,   988.3,   467.0, 32768.0, ...
2267930,  1210.8,   988.6,   468.0, 32768.0, ...
2267932,  1211.5,   988.7,   469.0, 32768.0, ...
2267934,  1211.8,   988.0,   469.0, 32768.0, ...
2267936,  1211.3,   986.7,   468.0, 32768.0, ...
2267938,  1210.8,   985.4,   467.0, 32768.0, ...
2267940,  1210.3,   984.2,   466.0, 32768.0, ...
2267942,  1209.8,   983.2,   465.0, 32768.0, ...
2267944,  1209.3,   982.5,   464.0, 32768.0, ...
2267946,  1208.8,   981.9,   463.0, 32768.0, ...
2267948,  1208.1,   981.4,   463.0, 32768.0, ...
2267950,  1207.8,   981.6,   463.0, 32768.0, ...
2267952,  1207.5,   981.9,   464.0, 32768.0, ...
2267954,  1207.2,   982.2,   465.0, 32768.0, ...
2267956,  1207.1,   982.5,   466.0, 32768.0, ...
2267958,  1207.1,   982.8,   466.0, 32768.0, ...
2267960,  1207.2,   983.0,   467.0, 32768.0, ...
2267962,  1207.5,   983.3,   466.0, 32768.0, ...
2267964,  1207.8,   983.3,   465.0, 32768.0, ...
2267966,  1208.1,   983.2,   465.0, 32768.0, ...
2267968,  1208.4,   982.9,   464.0, 32768.0, ...
2267970,  1208.7,   982.6,   463.0, 32768.0, ...
2267972,  1208.9,   982.3,   463.0, 32768.0, ...
2267974,  1209.1,   982.2,   463.0, 32768.0, ...
2267976,  1209.3,   982.2,   464.0, 32768.0, ...
2267978,  1209.5,   982.6,   464.0, 32768.0, ...
2267980,  1209.6,   983.0,   465.0, 32768.0, ...
2267982,  1210.0,   983.6,   466.0, 32768.0, ...
2267984,  1210.3,   984.2,   466.0, 32768.0, ...
2267986,  1210.6,   984.9,   467.0, 32768.0, ...
2267988,  1210.6,   985.9,   468.0, 32768.0, ...
2267990,  1210.6,   986.8,   468.0, 32768.0, ...
2267992,  1210.4,   987.3,   468.0, 32768.0, ...
2267994,  1210.3,   987.8,   468.0, 32768.0, ...
2267996,  1210.1,   988.2,   468.0, 32768.0, ...
2267998,  1209.9,   988.6,   468.0, 32768.0, ...
2268000,  1209.9,   988.2,   468.0, 32768.0, ...
2268002,  1210.2,   987.5,   468.0, 32768.0, ...
2268004,  1210.6,   986.9,   467.0, 32768.0, ...
2268006,  1211.0,   986.4,   467.0, 32768.0, ...
2268008,  1211.4,   985.8,   467.0, 32768.0, ...
2268010,  1211.5,   985.3,   466.0, 32768.0, ...
2268012,  1210.8,   984.6,   465.0, 32768.0, ...
2268014,  1209.9,   984.8,   465.0, 32768.0, ...
2268016,  1209.0,   985.2,   465.0, 32768.0, ...
2268018,  1208.2,   985.5,   464.0, 32768.0, ...
2268020,  1207.4,   985.8,   464.0, 32768.0, ...
2268022,  1206.7,   986.2,   465.0, 32768.0, ...
2268024,  1206.0,   986.6,   466.0, 32768.0, ...
2268026,  1206.5,   987.1,   467.0, 32768.0, ...
2268028,  1207.2,   987.5,   468.0, 32768.0, ...
2268030,  1208.1,   987.6,   469.0, 32768.0, ...
2268032,  1208.9,   987.3,   470.0, 32768.0, ...
2268034,  1209.6,   987.0,   470.0, 32768.0, ...
2268036,  1210.2,   986.5,   470.0, 32768.0, ...
2268038,  1210.4,   985.8,   470.0, 32768.0, ...
2268040,  1210.4,   985.1,   469.0, 32768.0, ...
2268042,  1210.1,   984.5,   469.0, 32768.0, ...
2268044,  1209.5,   983.9,   468.0, 32768.0, ...
2268046,  1209.0,   983.7,   468.0, 32768.0, ...
2268048,  1208.7,   983.5,   468.0, 32768.0, ...
2268050,  1208.6,   983.4,   467.0, 32768.0, ...
2268052,  1208.9,   983.6,   468.0, 32768.0, ...
2268054,  1209.6,   983.9,   468.0, 32768.0, ...
2268056,  1210.2,   984.2,   468.0, 32768.0, ...
2268058,  1211.0,   984.6,   469.0, 32768.0, ...
2268060,  1211.6,   985.0,   469.0, 32768.0, ...
2268062,  1212.1,   985.3,   470.0, 32768.0, ...
2268064,  1212.6,   985.4,   470.0, 32768.0, ...
2268066,  1212.9,   985.4,   471.0, 32768.0, ...
2268068,  1212.8,   985.4,   471.0, 32768.0, ...
2268070,  1212.7,   985.3,   472.0, 32768.0, ...
2268072,  1212.7,   985.4,   472.0, 32768.0, ...
2268074,  1212.5,   985.4,   472.0, 32768.0, ...
2268076,  1212.2,   985.3,   472.0, 32768.0, ...
2268078,  1211.5,   985.3,   472.0, 32768.0, ...
2268080,  1210.0,   985.2,   472.0, 32768.0, ...
2268082,  1208.5,   985.2,   472.0, 32768.0, ...
2268084,  1207.3,   985.0,   472.0, 32768.0, ...
2268086,  1206.2,   984.9,   472.0, 32768.0, ...
2268088,  1206.0,   985.0,   473.0, 32768.0, ...
2268090,  1206.0,   985.5,   473.0, 32768.0, ...
2268092,  1206.5,   986.7,   474.0, 32768.0, ...
2268094,  1208.4,   987.9,   475.0, 32768.0, ...
2268096,  1210.2,   989.1,   475.0, 32768.0, ...
2268098,  1211.7,   990.1,   475.0, 32768.0, ...
2268100,  1212.8,   990.7,   476.0, 32768.0, ...
2268102,  1213.1,   990.4,   475.0, 32768.0, ...
2268104,  1213.3,   989.7,   475.0, 32768.0, ...
2268106,  1213.2,   988.3,   475.0, 32768.0, ...
2268108,  1212.5,   986.8,   475.0, 32768.0, ...
2268110,  1211.9,   985.2,   475.0, 32768.0, ...
2268112,  1211.3,   983.9,   475.0, 32768.0, ...
2268114,  1210.9,   982.8,   475.0, 32768.0, ...
2268116,  1210.5,   982.5,   475.0, 32768.0, ...
2268118,  1210.2,   982.3,   475.0, 32768.0, ...
2268120,  1210.1,   982.2,   476.0, 32768.0, ...
2268122,  1209.9,   982.5,   476.0, 32768.0, ...
2268124,  1210.3,   983.0,   477.0, 32768.0, ...
2268126,  1210.5,   983.7,   477.0, 32768.0, ...
2268128,  1210.6,   984.5,   478.0, 32768.0, ...
2268130,  1210.6,   985.2,   478.0, 32768.0, ...
2268132,  1210.6,   985.7,   479.0, 32768.0, ...
2268134,  1210.6,   986.1,   479.0, 32768.0, ...
2268136,  1210.5,   985.7,   479.0, 32768.0, ...
2268138,  1210.0,   985.3,   479.0, 32768.0, ...
2268140,  1209.8,   984.6,   479.0, 32768.0, ...
2268142,  1209.8,   984.0,   479.0, 32768.0, ...
2268144,  1209.9,   983.4,   478.0, 32768.0, ...
2268146,  1210.1,   983.1,   478.0, 32768.0, ...
2268148,  1210.4,   982.8,   478.0, 32768.0, ...
2268150,  1210.7,   982.9,   477.0, 32768.0, ...
2268152,  1210.9,   982.9,   477.0, 32768.0, ...
2268154,  1210.9,   982.7,   477.0, 32768.0, ...
2268156,  1210.8,   982.5,   478.0, 32768.0, ...
2268158,  1210.6,   982.2,   478.0, 32768.0, ...
2268160,  1210.5,   982.0,   479.0, 32768.0, ...
2268162,  1210.4,   982.1,   479.0, 32768.0, ...
2268164,  1210.5,   982.3,   480.0, 32768.0, ...
2268166,  1210.7,   982.7,   480.0, 32768.0, ...
2268168,  1210.9,   983.0,   481.0, 32768.0, ...
2268170,  1211.0,   983.2,   481.0, 32768.0, ...
2268172,  1211.2,   983.4,   481.0, 32768.0, ...
2268174,  1211.3,   983.4,   482.0, 32768.0, ...
2268176,  1211.5,   983.1,   482.0, 32768.0, ...
2268178,  1211.5,   982.7,   482.0, 32768.0, ...
2268180,  1211.4,   982.0,   482.0, 32768.0, ...
2268182,  1211.4,   981.5,   482.0, 32768.0, ...
2268184,  1211.3,   981.2,   482.0, 32768.0, ...
2268186,  1211.1,   980.7,   481.0, 32768.0, ...
2268188,  1210.6,   980.2,   481.0, 32768.0, ...
2268190,  1209.9,   979.7,   481.0, 32768.0, ...
2268192,  1209.3,   979.2,   480.0, 32768.0, ...
2268194,  1208.7,   978.7,   479.0, 32768.0, ...
2268196,  1208.1,   978.2,   479.0, 32768.0, ...
2268198,  1207.6,   977.6,   479.0, 32768.0, ...
2268200,  1207.2,   978.3,   480.0, 32768.0, ...
2268202,  1207.3,   979.1,   480.0, 32768.0, ...
2268204,  1207.4,   979.9,   480.0, 32768.0, ...
2268206,  1207.5,   980.6,   480.0, 32768.0, ...
2268208,  1207.7,   981.3,   480.0, 32768.0, ...
2268210,  1207.8,   981.9,   480.0, 32768.0, ...
2268212,  1207.8,   982.5,   479.0, 32768.0, ...
2268214,  1207.9,   981.9,   478.0, 32768.0, ...
2268216,  1208.0,   981.2,   477.0, 32768.0, ...
2268218,  1208.1,   979.9,   477.0, 32768.0, ...
2268220,  1208.1,   978.9,   477.0, 32768.0, ...
2268222,  1208.3,   978.0,   476.0, 32768.0, ...
2268224,  1208.5,   977.5,   476.0, 32768.0, ...
2268226,  1208.9,   977.0,   476.0, 32768.0, ...
2268228,  1209.1,   976.7,   477.0, 32768.0, ...
2268230,  1209.4,   977.2,   477.0, 32768.0, ...
2268232,  1209.7,   978.2,   477.0, 32768.0, ...
2268234,  1210.0,   980.2,   478.0, 32768.0, ...
2268236,  1210.3,   982.1,   479.0, 32768.0, ...
2268238,  1210.5,   983.8,   480.0, 32768.0, ...
2268240,  1210.9,   985.6,   481.0, 32768.0, ...
2268242,  1211.7,   987.3,   482.0, 32768.0, ...
2268244,  1212.4,   988.4,   482.0, 32768.0, ...
2268246,  1213.3,   989.6,   483.0, 32768.0, ...
2268248,  1214.0,   989.8,   483.0, 32768.0, ...
2268250,  1214.6,   990.1,   484.0, 32768.0, ...
2268252,  1214.7,   990.2,   485.0, 32768.0, ...
2268254,  1214.8,   990.5,   485.0, 32768.0, ...
2268256,  1214.4,   990.6,   486.0, 32768.0, ...
2268258,  1213.8,   990.6,   486.0, 32768.0, ...
2268260,  1213.0,   990.6,   487.0, 32768.0, ...
2268262,  1212.2,   990.4,   487.0, 32768.0, ...
2268264,  1211.5,   990.1,   487.0, 32768.0, ...
2268266,  1211.2,   989.7,   488.0, 32768.0, ...
2268268,  1210.8,   989.4,   488.0, 32768.0, ...
2268270,  1210.5,   989.0,   488.0, 32768.0, ...
2268272,  1210.3,   988.8,   488.0, 32768.0, ...
2268274,  1210.3,   988.8,   488.0, 32768.0, ...
2268276,  1210.3,   988.8,   488.0, 32768.0, ...
2268278,  1210.4,   989.4,   488.0, 32768.0, ...
2268280,  1210.6,   990.0,   489.0, 32768.0, ...
2268282,  1210.8,   990.5,   489.0, 32768.0, ...
2268284,  1211.1,   991.0,   489.0, 32768.0, ...
2268286,  1211.3,   991.3,   490.0, 32768.0, ...
2268288,  1211.4,   991.6,   489.0, 32768.0, ...
2268290,  1211.5,   991.8,   489.0, 32768.0, ...
2268292,  1211.6,   991.7,   489.0, 32768.0, ...
2268294,  1211.4,   991.4,   488.0, 32768.0, ...
2268296,  1211.2,   990.9,   487.0, 32768.0, ...
2268298,  1211.0,   990.6,   487.0, 32768.0, ...
2268300,  1211.0,   990.4,   486.0, 32768.0, ...
2268302,  1211.2,   990.2,   486.0, 32768.0, ...
2268304,  1211.5,   989.9,   486.0, 32768.0, ...
2268306,  1211.8,   989.5,   486.0, 32768.0, ...
2268308,  1212.1,   987.8,   486.0, 32768.0, ...
EFIX L   2267874, 2268308, 436,  1209.8,   984.8,     474
SSACC L  2268310
2268310,  1212.3,   984.6,   486.0, 32768.0, ...
2268312,  1211.9,   981.4,   486.0, 32768.0, ...
2268314,  1211.3,   975.5,   487.0, 32768.0, ...
2268316,  1210.4,   969.3,   487.0, 32768.0, ...
2268318,  1209.5,   963.2,   486.0, 32768.0, ...
2268320,  1208.6,   957.2,   486.0, 32768.0, ...
2268322,  1208.0,   952.7,   486.0, 32768.0, ...
2268324,  1207.7,   949.7,   485.0, 32768.0, ...
2268326,  1208.0,   946.6,   485.0, 32768.0, ...
ESACC L  2268310, 2268326, 18,  1212.3,   984.6,  1208.0,   946.6,    0.69,      54
SFIX L   2268328
2268328,  1208.4,   946.1,   484.0, 32768.0, ...
2268330,  1209.1,   945.8,   484.0, 32768.0, ...
2268332,  1209.8,   945.5,   484.0, 32768.0, ...
2268334,  1210.5,   945.2,   484.0, 32768.0, ...
2268336,  1211.4,   945.6,   485.0, 32768.0, ...
2268338,  1212.2,   946.2,   485.0, 32768.0, ...
2268340,  1212.9,   946.7,   487.0, 32768.0, ...
2268342,  1213.2,   947.2,   488.0, 32768.0, ...
2268344,  1213.3,   947.7,   489.0, 32768.0, ...
2268346,  1213.2,   947.8,   491.0, 32768.0, ...
2268348,  1213.2,   947.9,   492.0, 32768.0, ...
2268350,  1212.6,   947.2,   492.0, 32768.0, ...
2268352,  1212.0,   946.6,   493.0, 32768.0, ...
2268354,  1211.5,   945.9,   493.0, 32768.0, ...
2268356,  1211.3,   945.4,   492.0, 32768.0, ...
2268358,  1211.0,   945.1,   492.0, 32768.0, ...
2268360,  1210.8,   945.2,   491.0, 32768.0, ...
2268362,  1210.6,   945.3,   491.0, 32768.0, ...
2268364,  1210.3,   945.4,   491.0, 32768.0, ...
2268366,  1209.5,   945.5,   492.0, 32768.0, ...
2268368,  1208.8,   945.5,   492.0, 32768.0, ...
2268370,  1208.0,   945.3,   492.0, 32768.0, ...
2268372,  1207.3,   945.1,   493.0, 32768.0, ...
2268374,  1206.5,   944.9,   493.0, 32768.0, ...
2268376,  1205.8,   944.9,   494.0, 32768.0, ...
2268378,  1205.3,   944.9,   494.0, 32768.0, ...
2268380,  1205.4,   945.0,   494.0, 32768.0, ...
2268382,  1205.4,   945.3,   494.0, 32768.0, ...
2268384,  1205.5,   945.7,   494.0, 32768.0, ...
2268386,  1205.5,   946.1,   495.0, 32768.0, ...
2268388,  1205.5,   946.2,   495.0, 32768.0, ...
2268390,  1205.5,   945.9,   494.0, 32768.0, ...
2268392,  1205.5,   944.8,   494.0, 32768.0, ...
2268394,  1205.4,   943.6,   493.0, 32768.0, ...
2268396,  1205.3,   942.3,   492.0, 32768.0, ...
2268398,  1205.1,   941.3,   491.0, 32768.0, ...
2268400,  1204.8,   940.2,   491.0, 32768.0, ...
2268402,  1204.5,   939.3,   490.0, 32768.0, ...
2268404,  1204.4,   938.5,   490.0, 32768.0, ...
2268406,  1204.2,   938.4,   490.0, 32768.0, ...
2268408,  1204.1,   938.4,   490.0, 32768.0, ...
2268410,  1204.0,   938.5,   490.0, 32768.0, ...
2268412,  1204.1,   938.3,   490.0, 32768.0, ...
2268414,  1204.2,   937.9,   489.0, 32768.0, ...
2268416,  1204.3,   937.0,   489.0, 32768.0, ...
2268418,  1204.3,   936.3,   488.0, 32768.0, ...
2268420,  1204.3,   935.8,   487.0, 32768.0, ...
2268422,  1204.3,   935.4,   487.0, 32768.0, ...
2268424,  1204.3,   935.4,   487.0, 32768.0, ...
2268426,  1204.2,   935.5,   487.0, 32768.0, ...
2268428,  1204.3,   935.7,   487.0, 32768.0, ...
2268430,  1204.3,   936.4,   487.0, 32768.0, ...
2268432,  1204.5,   937.0,   487.0, 32768.0, ...
2268434,  1204.6,   937.3,   487.0, 32768.0, ...
2268436,  1204.8,   937.6,   487.0, 32768.0, ...
2268438,  1205.0,   937.1,   487.0, 32768.0, ...
2268440,  1205.2,   936.6,   486.0, 32768.0, ...
2268442,  1205.2,   936.3,   486.0, 32768.0, ...
2268444,  1205.2,   936.4,   487.0, 32768.0, ...
2268446,  1205.0,   936.7,   488.0, 32768.0, ...
2268448,  1204.9,   937.3,   488.0, 32768.0, ...
2268450,  1204.6,   938.4,   489.0, 32768.0, ...
2268452,  1204.3,   939.8,   489.0, 32768.0, ...
2268454,  1204.0,   940.8,   489.0, 32768.0, ...
2268456,  1203.7,   941.4,   489.0, 32768.0, ...
2268458,  1203.3,   940.7,   489.0, 32768.0, ...
2268460,  1202.8,   939.9,   488.0, 32768.0, ...
2268462,  1202.4,   939.0,   487.0, 32768.0, ...
2268464,  1202.1,   937.6,   487.0, 32768.0, ...
2268466,  1201.9,   936.6,   487.0, 32768.0, ...
2268468,  1201.9,   936.3,   487.0, 32768.0, ...
2268470,  1202.1,   936.3,   488.0, 32768.0, ...
2268472,  1202.4,   937.2,   489.0, 32768.0, ...
2268474,  1202.7,   938.2,   489.0, 32768.0, ...
2268476,  1203.0,   939.0,   490.0, 32768.0, ...
2268478,  1203.2,   939.8,   490.0, 32768.0, ...
2268480,  1203.3,   940.2,   490.0, 32768.0, ...
2268482,  1203.3,   940.2,   491.0, 32768.0, ...
2268484,  1203.2,   940.2,   491.0, 32768.0, ...
2268486,  1203.2,   940.2,   491.0, 32768.0, ...
2268488,  1203.1,   940.1,   491.0, 32768.0, ...
2268490,  1203.0,   939.8,   491.0, 32768.0, ...
2268492,  1203.0,   939.5,   491.0, 32768.0, ...
2268494,  1203.1,   939.1,   492.0, 32768.0, ...
2268496,  1203.2,   938.4,   492.0, 32768.0, ...
2268498,  1203.4,   937.8,   491.0, 32768.0, ...
2268500,  1203.6,   937.3,   491.0, 32768.0, ...
2268502,  1204.0,   937.0,   491.0, 32768.0, ...
2268504,  1204.4,   936.8,   491.0, 32768.0, ...
2268506,  1204.6,   936.6,   490.0, 32768.0, ...
2268508,  1204.7,   936.3,   489.0, 32768.0, ...
2268510,  1204.7,   936.3,   489.0, 32768.0, ...
2268512,  1204.7,   936.3,   488.0, 32768.0, ...
2268514,  1204.6,   936.5,   488.0, 32768.0, ...
2268516,  1204.3,   936.5,   487.0, 32768.0, ...
2268518,  1203.8,   936.5,   487.0, 32768.0, ...
2268520,  1203.3,   934.4,   487.0, 32768.0, ...
EFIX L   2268328, 2268520, 194,  1205.8,   940.7,     490
SSACC L  2268522
2268522,  1202.6,   931.6,   487.0, 32768.0, ...
2268524,  1200.5,   925.7,   487.0, 32768.0, ...
2268526,  1198.4,   919.7,   487.0, 32768.0, ...
2268528,  1196.4,   912.9,   488.0, 32768.0, ...
2268530,  1194.7,   904.1,   488.0, 32768.0, ...
2268532,  1193.3,   894.7,   488.0, 32768.0, ...
2268534,  1192.1,   886.7,   488.0, 32768.0, ...
2268536,  1191.7,   879.7,   489.0, 32768.0, ...
2268538,  1192.6,   875.8,   488.0, 32768.0, ...
2268540,  1193.5,   872.0,   488.0, 32768.0, ...
2268542,  1194.4,   868.8,   487.0, 32768.0, ...
ESACC L  2268522, 2268542, 22,  1202.6,   931.6,  1194.4,   868.8,    1.16,      77
SFIX L   2268544
2268544,  1195.3,   867.7,   487.0, 32768.0, ...
2268546,  1196.2,   867.3,   486.0, 32768.0, ...
2268548,  1197.0,   867.7,   486.0, 32768.0, ...
2268550,  1197.3,   868.2,   486.0, 32768.0, ...
2268552,  1197.5,   868.6,   486.0, 32768.0, ...
2268554,  1197.6,   869.0,   486.0, 32768.0, ...
2268556,  1197.7,   869.3,   486.0, 32768.0, ...
2268558,  1197.4,   869.4,   486.0, 32768.0, ...
2268560,  1197.3,   869.5,   486.0, 32768.0, ...
2268562,  1197.3,   868.8,   486.0, 32768.0, ...
2268564,  1197.7,   868.0,   486.0, 32768.0, ...
2268566,  1198.3,   867.3,   487.0, 32768.0, ...
2268568,  1198.9,   866.5,   487.0, 32768.0, ...
2268570,  1199.2,   866.1,   486.0, 32768.0, ...
2268572,  1199.6,   865.8,   486.0, 32768.0, ...
2268574,  1199.8,   865.4,   486.0, 32768.0, ...
2268576,  1199.9,   865.5,   486.0, 32768.0, ...
2268578,  1199.7,   865.6,   485.0, 32768.0, ...
2268580,  1199.5,   865.8,   485.0, 32768.0, ...
2268582,  1199.3,   865.9,   484.0, 32768.0, ...
2268584,  1199.4,   866.0,   484.0, 32768.0, ...
2268586,  1199.5,   866.4,   484.0, 32768.0, ...
2268588,  1200.0,   867.0,   484.0, 32768.0, ...
2268590,  1200.5,   867.8,   485.0, 32768.0, ...
2268592,  1201.0,   868.6,   485.0, 32768.0, ...
2268594,  1201.5,   869.7,   486.0, 32768.0, ...
2268596,  1202.0,   871.0,   487.0, 32768.0, ...
2268598,  1202.5,   872.0,   487.0, 32768.0, ...
2268600,  1202.7,   872.6,   487.0, 32768.0, ...
2268602,  1202.6,   872.8,   488.0, 32768.0, ...
2268604,  1202.5,   873.1,   488.0, 32768.0, ...
2268606,  1202.3,   873.4,   489.0, 32768.0, ...
2268608,  1202.1,   873.3,   489.0, 32768.0, ...
2268610,  1201.8,   872.9,   489.0, 32768.0, ...
2268612,  1201.6,   872.7,   490.0, 32768.0, ...
2268614,  1201.6,   872.5,   490.0, 32768.0, ...
2268616,  1201.7,   872.5,   491.0, 32768.0, ...
2268618,  1201.7,   872.5,   491.0, 32768.0, ...
2268620,  1201.7,   872.5,   491.0, 32768.0, ...
2268622,  1201.8,   872.7,   491.0, 32768.0, ...
2268624,  1201.8,   872.9,   491.0, 32768.0, ...
2268626,  1201.8,   873.0,   490.0, 32768.0, ...
2268628,  1201.7,   873.2,   490.0, 32768.0, ...
2268630,  1201.7,   873.4,   490.0, 32768.0, ...
2268632,  1201.6,   873.6,   490.0, 32768.0, ...
2268634,  1201.5,   873.7,   490.0, 32768.0, ...
2268636,  1201.4,   873.7,   490.0, 32768.0, ...
2268638,  1201.2,   873.4,   490.0, 32768.0, ...
2268640,  1201.0,   872.4,   490.0, 32768.0, ...
2268642,  1200.7,   871.4,   490.0, 32768.0, ...
2268644,  1200.2,   870.4,   490.0, 32768.0, ...
2268646,  1199.8,   869.4,   490.0, 32768.0, ...
2268648,  1199.4,   868.4,   489.0, 32768.0, ...
2268650,  1199.0,   867.5,   488.0, 32768.0, ...
2268652,  1198.7,   866.8,   488.0, 32768.0, ...
2268654,  1198.5,   866.7,   487.0, 32768.0, ...
2268656,  1198.3,   866.6,   486.0, 32768.0, ...
2268658,  1198.3,   866.5,   485.0, 32768.0, ...
2268660,  1198.4,   866.3,   485.0, 32768.0, ...
2268662,  1198.4,   866.2,   484.0, 32768.0, ...
2268664,  1198.5,   866.3,   485.0, 32768.0, ...
2268666,  1198.6,   866.6,   485.0, 32768.0, ...
2268668,  1198.7,   867.1,   486.0, 32768.0, ...
2268670,  1198.8,   867.7,   487.0, 32768.0, ...
2268672,  1198.8,   868.1,   488.0, 32768.0, ...
2268674,  1198.8,   868.4,   489.0, 32768.0, ...
2268676,  1198.7,   868.8,   489.0, 32768.0, ...
2268678,  1198.7,   868.9,   489.0, 32768.0, ...
2268680,  1198.6,   868.8,   489.0, 32768.0, ...
2268682,  1198.5,   868.7,   489.0, 32768.0, ...
2268684,  1198.5,   868.3,   488.0, 32768.0, ...
2268686,  1198.5,   868.4,   488.0, 32768.0, ...
2268688,  1198.4,   868.5,   489.0, 32768.0, ...
2268690,  1198.1,   868.7,   489.0, 32768.0, ...
2268692,  1197.8,   868.7,   489.0, 32768.0, ...
2268694,  1197.5,   868.9,   489.0, 32768.0, ...
2268696,  1197.2,   869.2,   489.0, 32768.0, ...
2268698,  1196.8,   870.0,   490.0, 32768.0, ...
2268700,  1196.6,   870.6,   490.0, 32768.0, ...
2268702,  1196.4,   871.2,   490.0, 32768.0, ...
2268704,  1196.4,   871.9,   490.0, 32768.0, ...
2268706,  1196.6,   872.6,   491.0, 32768.0, ...
2268708,  1196.8,   873.3,   491.0, 32768.0, ...
2268710,  1197.0,   874.0,   492.0, 32768.0, ...
2268712,  1197.1,   874.5,   492.0, 32768.0, ...
2268714,  1197.3,   875.1,   493.0, 32768.0, ...
2268716,  1197.4,   875.5,   493.0, 32768.0, ...
2268718,  1197.4,   876.0,   494.0, 32768.0, ...
2268720,  1197.3,   876.1,   494.0, 32768.0, ...
2268722,  1197.2,   876.1,   493.0, 32768.0, ...
2268724,  1197.0,   875.8,   492.0, 32768.0, ...
2268726,  1196.8,   875.3,   491.0, 32768.0, ...
2268728,  1196.7,   874.7,   490.0, 32768.0, ...
2268730,  1196.6,   874.3,   490.0, 32768.0, ...
2268732,  1196.5,   873.8,   489.0, 32768.0, ...
2268734,  1196.4,   873.6,   488.0, 32768.0, ...
2268736,  1196.4,   873.6,   488.0, 32768.0, ...
2268738,  1196.4,   873.7,   488.0, 32768.0, ...
2268740,  1196.7,   873.8,   488.0, 32768.0, ...
2268742,  1197.3,   873.8,   488.0, 32768.0, ...
2268744,  1197.9,   873.9,   489.0, 32768.0, ...
2268746,  1198.5,   873.9,   489.0, 32768.0, ...
2268748,  1199.1,   873.9,   489.0, 32768.0, ...
2268750,  1199.9,   873.8,   489.0, 32768.0, ...
2268752,  1200.5,   873.8,   489.0, 32768.0, ...
2268754,  1201.1,   873.7,   489.0, 32768.0, ...
2268756,  1201.3,   873.6,   489.0, 32768.0, ...
2268758,  1201.5,   873.5,   489.0, 32768.0, ...
2268760,  1201.6,   872.7,   488.0, 32768.0, ...
2268762,  1201.7,   871.9,   488.0, 32768.0, ...
2268764,  1201.5,   871.1,   488.0, 32768.0, ...
2268766,  1201.3,   870.3,   487.0, 32768.0, ...
2268768,  1201.1,   869.5,   487.0, 32768.0, ...
2268770,  1200.9,   868.7,   487.0, 32768.0, ...
2268772,  1200.7,   868.0,   486.0, 32768.0, ...
2268774,  1200.5,   868.5,   486.0, 32768.0, ...
2268776,  1200.5,   869.1,   486.0, 32768.0, ...
2268778,  1200.5,   869.6,   486.0, 32768.0, ...
2268780,  1200.6,   870.4,   487.0, 32768.0, ...
2268782,  1200.6,   872.2,   488.0, 32768.0, ...
EFIX L   2268544, 2268782, 240,  1199.2,   870.6,     488
SSACC L  2268784
2268784,  1198.4,   873.8,   489.0, 32768.0, ...
2268786,  1193.9,   875.3,   490.0, 32768.0, ...
2268788,  1188.3,   876.2,   491.0, 32768.0, ...
2268790,  1181.4,   877.0,   492.0, 32768.0, ...
2268792,  1173.5,   877.6,   493.0, 32768.0, ...
2268794,  1165.6,   878.1,   494.0, 32768.0, ...
2268796,  1157.7,   877.4,   494.0, 32768.0, ...
2268798,  1151.9,   876.9,   494.0, 32768.0, ...
2268800,  1148.6,   876.5,   494.0, 32768.0, ...
2268802,  1146.2,   875.6,   494.0, 32768.0, ...
2268804,  1145.1,   874.9,   494.0, 32768.0, ...
ESACC L  2268784, 2268804, 22,  1198.4,   873.8,  1145.1,   874.9,    1.00,      70
SFIX L   2268806
2268806,  1145.0,   874.2,   493.0, 32768.0, ...
2268808,  1144.9,   873.4,   492.0, 32768.0, ...
2268810,  1144.8,   872.9,   491.0, 32768.0, ...
2268812,  1144.8,   872.3,   490.0, 32768.0, ...
2268814,  1144.8,   871.8,   489.0, 32768.0, ...
2268816,  1144.7,   871.8,   488.0, 32768.0, ...
2268818,  1144.7,   871.9,   488.0, 32768.0, ...
2268820,  1144.7,   872.2,   487.0, 32768.0, ...
2268822,  1144.7,   872.5,   487.0, 32768.0, ...
2268824,  1144.7,   872.8,   487.0, 32768.0, ...
2268826,  1144.6,   873.0,   487.0, 32768.0, ...
2268828,  1144.5,   873.3,   487.0, 32768.0, ...
2268830,  1144.4,   873.6,   487.0, 32768.0, ...
2268832,  1144.3,   873.7,   487.0, 32768.0, ...
2268834,  1144.3,   873.8,   487.0, 32768.0, ...
2268836,  1144.3,   873.8,   487.0, 32768.0, ...
2268838,  1144.3,   873.8,   487.0, 32768.0, ...
2268840,  1144.2,   873.7,   487.0, 32768.0, ...
2268842,  1144.2,   873.3,   487.0, 32768.0, ...
2268844,  1144.3,   872.3,   486.0, 32768.0, ...
2268846,  1144.3,   871.3,   485.0, 32768.0, ...
2268848,  1144.4,   870.3,   484.0, 32768.0, ...
2268850,  1144.5,   870.4,   483.0, 32768.0, ...
2268852,  1144.7,   870.5,   483.0, 32768.0, ...
2268854,  1145.1,   871.0,   483.0, 32768.0, ...
2268856,  1145.3,   871.5,   482.0, 32768.0, ...
2268858,  1145.5,   872.7,   483.0, 32768.0, ...
2268860,  1145.6,   873.6,   483.0, 32768.0, ...
2268862,  1145.8,   874.5,   484.0, 32768.0, ...
2268864,  1145.9,   874.2,   484.0, 32768.0, ...
2268866,  1145.9,   873.8,   484.0, 32768.0, ...
2268868,  1145.7,   873.4,   485.0, 32768.0, ...
2268870,  1145.7,   873.0,   485.0, 32768.0, ...
2268872,  1145.7,   872.6,   485.0, 32768.0, ...
2268874,  1145.7,   872.4,   486.0, 32768.0, ...
2268876,  1145.8,   872.5,   486.0, 32768.0, ...
2268878,  1145.9,   872.8,   486.0, 32768.0, ...
2268880,  1146.2,   874.1,   486.0, 32768.0, ...
2268882,  1146.5,   875.2,   486.0, 32768.0, ...
2268884,  1146.8,   876.5,   485.0, 32768.0, ...
2268886,  1146.9,   877.7,   485.0, 32768.0, ...
2268888,  1146.9,   879.0,   485.0, 32768.0, ...
2268890,  1146.6,   880.1,   485.0, 32768.0, ...
2268892,  1146.2,   880.7,   485.0, 32768.0, ...
2268894,  1145.6,   880.4,   485.0, 32768.0, ...
2268896,  1145.0,   879.3,   485.0, 32768.0, ...
2268898,  1144.5,   878.1,   485.0, 32768.0, ...
2268900,  1144.3,   877.1,   484.0, 32768.0, ...
2268902,  1144.0,   876.0,   484.0, 32768.0, ...
2268904,  1144.2,   875.2,   484.0, 32768.0, ...
2268906,  1144.4,   874.6,   484.0, 32768.0, ...
2268908,  1144.7,   874.2,   483.0, 32768.0, ...
2268910,  1145.0,   874.5,   483.0, 32768.0, ...
2268912,  1145.3,   874.6,   483.0, 32768.0, ...
2268914,  1145.5,   874.7,   483.0, 32768.0, ...
2268916,  1145.7,   874.7,   483.0, 32768.0, ...
2268918,  1145.9,   874.5,   483.0, 32768.0, ...
2268920,  1145.8,   874.3,   483.0, 32768.0, ...
2268922,  1145.6,   874.0,   483.0, 32768.0, ...
2268924,  1145.2,   873.4,   483.0, 32768.0, ...
2268926,  1144.7,   872.7,   482.0, 32768.0, ...
2268928,  1144.1,   872.0,   482.0, 32768.0, ...
2268930,  1143.6,   871.3,   481.0, 32768.0, ...
2268932,  1143.2,   870.7,   481.0, 32768.0, ...
2268934,  1142.9,   870.4,   481.0, 32768.0, ...
2268936,  1142.6,   870.1,   480.0, 32768.0, ...
2268938,  1142.6,   870.1,   479.0, 32768.0, ...
2268940,  1142.7,   870.4,   479.0, 32768.0, ...
2268942,  1142.8,   871.3,   478.0, 32768.0, ...
2268944,  1143.1,   872.1,   478.0, 32768.0, ...
2268946,  1144.0,   873.2,   479.0, 32768.0, ...
2268948,  1144.8,   874.4,   479.0, 32768.0, ...
2268950,  1145.7,   875.6,   480.0, 32768.0, ...
2268952,  1146.7,   876.9,   481.0, 32768.0, ...
2268954,  1148.0,   878.4,   482.0, 32768.0, ...
2268956,  1149.2,   879.5,   483.0, 32768.0, ...
2268958,  1151.1,   880.5,   484.0, 32768.0, ...
2268960,  1152.5,   881.0,   484.0, 32768.0, ...
2268962,  1153.8,   881.0,   485.0, 32768.0, ...
2268964,  1154.8,   880.5,   485.0, 32768.0, ...
2268966,  1155.3,   879.6,   486.0, 32768.0, ...
2268968,  1155.3,   878.5,   486.0, 32768.0, ...
2268970,  1155.1,   877.4,   485.0, 32768.0, ...
2268972,  1154.1,   876.3,   485.0, 32768.0, ...
2268974,  1153.0,   875.4,   484.0, 32768.0, ...
2268976,  1151.8,   874.8,   484.0, 32768.0, ...
2268978,  1150.8,   874.5,   482.0, 32768.0, ...
2268980,  1150.1,   874.1,   481.0, 32768.0, ...
2268982,  1149.4,   873.4,   479.0, 32768.0, ...
2268984,  1148.3,   871.8,   478.0, 32768.0, ...
2268986,  1147.4,   870.1,   477.0, 32768.0, ...
2268988,  1146.5,   868.4,   476.0, 32768.0, ...
2268990,  1145.7,   867.2,   474.0, 32768.0, ...
2268992,  1145.0,   866.0,   474.0, 32768.0, ...
2268994,  1144.5,   865.1,   474.0, 32768.0, ...
2268996,  1144.1,   864.7,   474.0, 32768.0, ...
2268998,  1144.3,   865.5,   474.0, 32768.0, ...
2269000,  1144.6,   867.3,   475.0, 32768.0, ...
2269002,  1145.0,   869.2,   475.0, 32768.0, ...
2269004,  1145.5,   870.7,   476.0, 32768.0, ...
2269006,  1146.1,   872.2,   477.0, 32768.0, ...
2269008,  1146.7,   873.5,   478.0, 32768.0, ...
2269010,  1147.6,   874.2,   478.0, 32768.0, ...
2269012,  1148.5,   874.6,   479.0, 32768.0, ...
2269014,  1149.0,   874.0,   479.0, 32768.0, ...
2269016,  1149.3,   873.5,   479.0, 32768.0, ...
2269018,  1149.6,   873.0,   479.0, 32768.0, ...
2269020,  1149.7,   872.6,   479.0, 32768.0, ...
2269022,  1150.0,   872.6,   479.0, 32768.0, ...
2269024,  1150.2,   873.0,   479.0, 32768.0, ...
2269026,  1150.3,   873.4,   479.0, 32768.0, ...
2269028,  1150.6,   873.7,   479.0, 32768.0, ...
2269030,  1151.1,   873.7,   479.0, 32768.0, ...
2269032,  1150.7,   873.3,   479.0, 32768.0, ...
2269034,  1150.3,   872.7,   479.0, 32768.0, ...
2269036,  1149.6,   871.9,   479.0, 32768.0, ...
2269038,  1148.9,   871.2,   479.0, 32768.0, ...
2269040,  1148.1,   870.4,   478.0, 32768.0, ...
2269042,  1147.4,   869.8,   478.0, 32768.0, ...
2269044,  1146.8,   869.4,   478.0, 32768.0, ...
2269046,  1147.0,   869.4,   477.0, 32768.0, ...
2269048,  1147.2,   869.4,   477.0, 32768.0, ...
2269050,  1147.4,   869.8,   477.0, 32768.0, ...
2269052,  1147.6,   870.3,   477.0, 32768.0, ...
2269054,  1147.4,   870.7,   477.0, 32768.0, ...
2269056,  1147.2,   871.0,   476.0, 32768.0, ...
2269058,  1146.8,   871.4,   476.0, 32768.0, ...
2269060,  1146.7,   871.8,   475.0, 32768.0, ...
2269062,  1146.8,   872.3,   474.0, 32768.0, ...
2269064,  1146.9,   872.4,   474.0, 32768.0, ...
2269066,  1147.1,   872.7,   474.0, 32768.0, ...
2269068,  1147.7,   872.9,   475.0, 32768.0, ...
2269070,  1148.4,   873.6,   475.0, 32768.0, ...
2269072,  1149.0,   874.3,   476.0, 32768.0, ...
2269074,  1149.5,   874.8,   477.0, 32768.0, ...
2269076,  1149.8,   875.2,   477.0, 32768.0, ...
2269078,  1149.9,   875.3,   478.0, 32768.0, ...
2269080,  1150.1,   875.3,   478.0, 32768.0, ...
2269082,  1150.2,   875.3,   477.0, 32768.0, ...
2269084,  1150.2,   874.6,   477.0, 32768.0, ...
2269086,  1150.1,   874.0,   476.0, 32768.0, ...
2269088,  1150.0,   873.1,   476.0, 32768.0, ...
2269090,  1150.0,   872.3,   475.0, 32768.0, ...
2269092,  1149.9,   871.8,   475.0, 32768.0, ...
2269094,  1149.8,   871.4,   474.0, 32768.0, ...
2269096,  1149.6,   870.9,   474.0, 32768.0, ...
2269098,  1149.4,   870.7,   474.0, 32768.0, ...
2269100,  1149.1,   870.4,   474.0, 32768.0, ...
2269102,  1148.8,   870.4,   474.0, 32768.0, ...
2269104,  1148.1,   869.8,   474.0, 32768.0, ...
2269106,  1147.5,   869.2,   474.0, 32768.0, ...
2269108,  1147.0,   868.4,   474.0, 32768.0, ...
2269110,  1146.5,   867.4,   474.0, 32768.0, ...
2269112,  1145.4,   866.1,   473.0, 32768.0, ...
2269114,  1144.5,   864.9,   473.0, 32768.0, ...
2269116,  1143.6,   863.7,   472.0, 32768.0, ...
2269118,  1143.9,   863.2,   472.0, 32768.0, ...
2269120,  1144.2,   862.8,   471.0, 32768.0, ...
2269122,  1144.4,   862.4,   471.0, 32768.0, ...
2269124,  1144.8,   862.4,   471.0, 32768.0, ...
2269126,  1145.8,   862.5,   471.0, 32768.0, ...
2269128,  1146.8,   862.7,   471.0, 32768.0, ...
2269130,  1147.7,   863.0,   471.0, 32768.0, ...
2269132,  1147.3,   863.3,   472.0, 32768.0, ...
2269134,  1147.0,   864.4,   472.0, 32768.0, ...
2269136,  1146.7,   865.4,   473.0, 32768.0, ...
2269138,  1146.6,   866.8,   473.0, 32768.0, ...
2269140,  1146.7,   868.2,   474.0, 32768.0, ...
2269142,  1146.8,   869.8,   475.0, 32768.0, ...
2269144,  1146.9,   871.8,   476.0, 32768.0, ...
2269146,  1147.6,   873.6,   476.0, 32768.0, ...
2269148,  1147.5,   874.5,   477.0, 32768.0, ...
2269150,  1147.3,   875.4,   477.0, 32768.0, ...
2269152,  1146.8,   875.7,   476.0, 32768.0, ...
2269154,  1146.3,   876.0,   476.0, 32768.0, ...
2269156,  1145.8,   876.1,   475.0, 32768.0, ...
2269158,  1145.3,   876.0,   475.0, 32768.0, ...
2269160,  1144.9,   875.9,   474.0, 32768.0, ...
2269162,  1145.1,   875.9,   474.0, 32768.0, ...
2269164,  1145.4,   875.9,   474.0, 32768.0, ...
2269166,  1145.8,   876.1,   473.0, 32768.0, ...
2269168,  1146.2,   876.2,   473.0, 32768.0, ...
2269170,  1146.6,   876.2,   473.0, 32768.0, ...
2269172,  1147.7,   875.8,   472.0, 32768.0, ...
2269174,  1149.1,   875.5,   471.0, 32768.0, ...
EFIX L   2268806, 2269174, 370,  1146.8,   872.6,     480
SSACC L  2269176
2269176,  1150.6,   870.8,   470.0, 32768.0, ...
2269178,  1153.7,   866.2,   469.0, 32768.0, ...
2269180,  1157.0,   859.3,   468.0, 32768.0, ...
2269182,  1160.4,   849.9,   466.0, 32768.0, ...
2269184,  1164.9,   838.6,   465.0, 32768.0, ...
2269186,  1170.0,   827.6,   463.0, 32768.0, ...
2269188,  1174.9,   816.5,   462.0, 32768.0, ...
2269190,  1179.9,   809.7,   462.0, 32768.0, ...
2269192,  1183.2,   802.9,   461.0, 32768.0, ...
2269194,  1186.5,   798.4,   461.0, 32768.0, ...
2269196,  1189.5,   796.1,   461.0, 32768.0, ...
2269198,  1191.5,   795.7,   461.0, 32768.0, ...
ESACC L  2269176, 2269198, 24,  1150.6,   870.8,  1191.5,   795.7,    1.58,     105
SFIX L   2269200
2269200,  1192.5,   794.5,   460.0, 32768.0, ...
2269202,  1193.3,   793.2,   460.0, 32768.0, ...
2269204,  1194.2,   792.0,   460.0, 32768.0, ...
2269206,  1195.0,   790.8,   460.0, 32768.0, ...
2269208,  1195.7,   789.6,   460.0, 32768.0, ...
2269210,  1196.3,   788.6,   460.0, 32768.0, ...
2269212,  1197.0,   787.9,   461.0, 32768.0, ...
2269214,  1197.2,   788.0,   461.0, 32768.0, ...
2269216,  1197.4,   788.3,   461.0, 32768.0, ...
2269218,  1197.5,   788.7,   462.0, 32768.0, ...
2269220,  1197.6,   789.1,   462.0, 32768.0, ...
2269222,  1197.6,   789.6,   462.0, 32768.0, ...
2269224,  1197.6,   790.1,   462.0, 32768.0, ...
2269226,  1197.5,   790.5,   462.0, 32768.0, ...
2269228,  1197.2,   789.9,   462.0, 32768.0, ...
2269230,  1196.6,   789.1,   462.0, 32768.0, ...
2269232,  1196.0,   788.4,   462.0, 32768.0, ...
2269234,  1195.5,   787.7,   462.0, 32768.0, ...
2269236,  1194.9,   787.2,   462.0, 32768.0, ...
2269238,  1194.3,   786.7,   461.0, 32768.0, ...
2269240,  1194.2,   786.2,   462.0, 32768.0, ...
2269242,  1194.1,   786.5,   462.0, 32768.0, ...
2269244,  1194.4,   786.8,   462.0, 32768.0, ...
2269246,  1194.6,   786.9,   462.0, 32768.0, ...
2269248,  1194.8,   786.9,   463.0, 32768.0, ...
2269250,  1195.0,   786.8,   463.0, 32768.0, ...
2269252,  1195.2,   786.9,   464.0, 32768.0, ...
2269254,  1195.4,   787.0,   464.0, 32768.0, ...
2269256,  1195.7,   787.2,   465.0, 32768.0, ...
2269258,  1195.9,   787.3,   465.0, 32768.0, ...
2269260,  1196.3,   787.6,   466.0, 32768.0, ...
2269262,  1196.7,   788.0,   466.0, 32768.0, ...
2269264,  1197.1,   788.2,   466.0, 32768.0, ...
2269266,  1197.7,   788.2,   466.0, 32768.0, ...
2269268,  1197.8,   788.0,   466.0, 32768.0, ...
2269270,  1197.9,   787.7,   466.0, 32768.0, ...
2269272,  1197.7,   787.5,   466.0, 32768.0, ...
2269274,  1197.5,   787.2,   466.0, 32768.0, ...
2269276,  1197.3,   786.9,   466.0, 32768.0, ...
2269278,  1197.3,   786.7,   466.0, 32768.0, ...
2269280,  1197.1,   786.6,   466.0, 32768.0, ...
2269282,  1197.0,   786.6,   466.0, 32768.0, ...
2269284,  1196.9,   786.7,   466.0, 32768.0, ...
2269286,  1197.0,   786.9,   466.0, 32768.0, ...
2269288,  1196.8,   787.1,   466.0, 32768.0, ...
2269290,  1196.6,   787.1,   466.0, 32768.0, ...
2269292,  1196.3,   787.1,   466.0, 32768.0, ...
2269294,  1195.9,   787.0,   466.0, 32768.0, ...
2269296,  1195.6,   786.8,   466.0, 32768.0, ...
2269298,  1195.3,   786.5,   466.0, 32768.0, ...
2269300,  1195.1,   786.3,   466.0, 32768.0, ...
2269302,  1195.1,   786.0,   466.0, 32768.0, ...
2269304,  1195.2,   785.8,   466.0, 32768.0, ...
2269306,  1195.3,   785.6,   466.0, 32768.0, ...
2269308,  1195.4,   785.4,   466.0, 32768.0, ...
2269310,  1195.6,   785.3,   467.0, 32768.0, ...
2269312,  1195.7,   785.2,   467.0, 32768.0, ...
2269314,  1195.7,   785.3,   468.0, 32768.0, ...
2269316,  1195.8,   786.3,   469.0, 32768.0, ...
2269318,  1195.8,   787.4,   469.0, 32768.0, ...
2269320,  1195.9,   788.4,   470.0, 32768.0, ...
2269322,  1195.8,   789.2,   470.0, 32768.0, ...
2269324,  1195.7,   789.7,   469.0, 32768.0, ...
2269326,  1195.6,   790.2,   469.0, 32768.0, ...
2269328,  1195.5,   790.5,   468.0, 32768.0, ...
2269330,  1195.4,   789.9,   468.0, 32768.0, ...
2269332,  1195.3,   789.2,   468.0, 32768.0, ...
2269334,  1195.2,   788.7,   468.0, 32768.0, ...
2269336,  1195.2,   788.7,   468.0, 32768.0, ...
2269338,  1195.4,   789.0,   468.0, 32768.0, ...
2269340,  1195.9,   789.5,   468.0, 32768.0, ...
2269342,  1196.4,   789.9,   469.0, 32768.0, ...
2269344,  1196.8,   790.3,   470.0, 32768.0, ...
2269346,  1197.1,   790.5,   471.0, 32768.0, ...
2269348,  1197.3,   790.1,   471.0, 32768.0, ...
2269350,  1197.3,   789.3,   471.0, 32768.0, ...
2269352,  1197.1,   788.5,   471.0, 32768.0, ...
2269354,  1196.5,   787.5,   471.0, 32768.0, ...
2269356,  1196.0,   786.5,   470.0, 32768.0, ...
2269358,  1195.4,   785.7,   469.0, 32768.0, ...
2269360,  1195.0,   785.1,   469.0, 32768.0, ...
2269362,  1194.7,   785.1,   469.0, 32768.0, ...
2269364,  1194.5,   785.3,   469.0, 32768.0, ...
2269366,  1194.5,   785.6,   470.0, 32768.0, ...
2269368,  1194.6,   785.8,   470.0, 32768.0, ...
2269370,  1194.8,   785.8,   470.0, 32768.0, ...
2269372,  1195.0,   785.4,   469.0, 32768.0, ...
2269374,  1195.2,   784.9,   468.0, 32768.0, ...
2269376,  1195.3,   784.2,   467.0, 32768.0, ...
2269378,  1195.5,   783.4,   466.0, 32768.0, ...
2269380,  1195.6,   782.6,   465.0, 32768.0, ...
2269382,  1195.6,   782.0,   465.0, 32768.0, ...
2269384,  1195.5,   781.7,   464.0, 32768.0, ...
2269386,  1195.5,   781.9,   463.0, 32768.0, ...
2269388,  1195.5,   782.2,   463.0, 32768.0, ...
2269390,  1195.5,   782.7,   463.0, 32768.0, ...
2269392,  1195.5,   783.4,   464.0, 32768.0, ...
2269394,  1195.5,   784.3,   464.0, 32768.0, ...
2269396,  1195.5,   785.4,   464.0, 32768.0, ...
2269398,  1195.5,   786.4,   465.0, 32768.0, ...
2269400,  1195.4,   787.3,   465.0, 32768.0, ...
2269402,  1195.3,   788.1,   466.0, 32768.0, ...
2269404,  1195.2,   789.1,   466.0, 32768.0, ...
2269406,  1195.1,   790.1,   466.0, 32768.0, ...
2269408,  1195.0,   791.0,   467.0, 32768.0, ...
2269410,  1195.0,   791.6,   467.0, 32768.0, ...
2269412,  1194.8,   792.2,   467.0, 32768.0, ...
2269414,  1194.6,   792.7,   467.0, 32768.0, ...
2269416,  1194.4,   792.9,   467.0, 32768.0, ...
2269418,  1194.2,   792.7,   466.0, 32768.0, ...
2269420,  1194.2,   792.3,   466.0, 32768.0, ...
2269422,  1194.2,   791.8,   465.0, 32768.0, ...
2269424,  1194.5,   791.4,   465.0, 32768.0, ...
2269426,  1194.9,   791.0,   465.0, 32768.0, ...
2269428,  1195.5,   790.6,   466.0, 32768.0, ...
2269430,  1196.0,   790.5,   466.0, 32768.0, ...
2269432,  1196.5,   790.3,   466.0, 32768.0, ...
2269434,  1196.9,   789.9,   466.0, 32768.0, ...
2269436,  1197.5,   789.4,   466.0, 32768.0, ...
2269438,  1197.7,   789.0,   465.0, 32768.0, ...
2269440,  1197.8,   787.6,   465.0, 32768.0, ...
2269442,  1197.7,   786.2,   464.0, 32768.0, ...
2269444,  1197.7,   785.2,   464.0, 32768.0, ...
2269446,  1197.8,   784.3,   464.0, 32768.0, ...
2269448,  1197.7,   783.8,   464.0, 32768.0, ...
2269450,  1197.5,   783.2,   464.0, 32768.0, ...
2269452,  1197.4,   782.5,   464.0, 32768.0, ...
2269454,  1197.2,   782.7,   464.0, 32768.0, ...
2269456,  1197.1,   782.8,   463.0, 32768.0, ...
2269458,  1196.9,   783.9,   463.0, 32768.0, ...
2269460,  1196.6,   784.7,   463.0, 32768.0, ...
2269462,  1196.2,   785.5,   464.0, 32768.0, ...
2269464,  1196.0,   786.1,   464.0, 32768.0, ...
2269466,  1195.8,   786.8,   464.0, 32768.0, ...
2269468,  1195.8,   787.5,   464.0, 32768.0, ...
2269470,  1196.0,   788.2,   464.0, 32768.0, ...
2269472,  1196.2,   787.9,   464.0, 32768.0, ...
2269474,  1196.4,   787.4,   464.0, 32768.0, ...
2269476,  1196.5,   787.1,   464.0, 32768.0, ...
2269478,  1196.5,   787.2,   464.0, 32768.0, ...
2269480,  1196.4,   788.0,   464.0, 32768.0, ...
2269482,  1195.9,   788.8,   464.0, 32768.0, ...
2269484,  1195.4,   789.7,   464.0, 32768.0, ...
2269486,  1194.6,   790.3,   465.0, 32768.0, ...
2269488,  1194.0,   790.8,   465.0, 32768.0, ...
2269490,  1193.4,   790.8,   465.0, 32768.0, ...
2269492,  1192.9,   790.4,   465.0, 32768.0, ...
2269494,  1192.5,   789.2,   464.0, 32768.0, ...
2269496,  1192.4,   788.0,   464.0, 32768.0, ...
2269498,  1192.4,   786.8,   464.0, 32768.0, ...
2269500,  1192.4,   785.9,   464.0, 32768.0, ...
2269502,  1192.6,   785.4,   464.0, 32768.0, ...
2269504,  1192.7,   785.0,   464.0, 32768.0, ...
2269506,  1192.8,   785.0,   464.0, 32768.0, ...
2269508,  1192.8,   785.0,   464.0, 32768.0, ...
2269510,  1192.9,   785.1,   465.0, 32768.0, ...
2269512,  1192.9,   785.2,   465.0, 32768.0, ...
2269514,  1192.9,   785.5,   465.0, 32768.0, ...
2269516,  1193.3,   785.8,   465.0, 32768.0, ...
2269518,  1193.7,   786.1,   465.0, 32768.0, ...
2269520,  1194.1,   786.4,   464.0, 32768.0, ...
2269522,  1194.7,   786.6,   464.0, 32768.0, ...
2269524,  1195.3,   786.7,   463.0, 32768.0, ...
2269526,  1195.9,   786.6,   462.0, 32768.0, ...
2269528,  1195.8,   786.4,   462.0, 32768.0, ...
2269530,  1195.3,   786.1,   461.0, 32768.0, ...
2269532,  1194.8,   786.0,   461.0, 32768.0, ...
2269534,  1194.4,   786.1,   461.0, 32768.0, ...
2269536,  1193.9,   787.6,   462.0, 32768.0, ...
2269538,  1193.4,   789.0,   463.0, 32768.0, ...
2269540,  1192.9,   790.6,   463.0, 32768.0, ...
2269542,  1193.2,   791.2,   464.0, 32768.0, ...
2269544,  1193.5,   791.8,   465.0, 32768.0, ...
2269546,  1193.8,   792.4,   465.0, 32768.0, ...
2269548,  1194.0,   793.0,   466.0, 32768.0, ...
2269550,  1194.2,   792.6,   466.0, 32768.0, ...
2269552,  1194.3,   792.2,   467.0, 32768.0, ...
2269554,  1194.4,   792.0,   467.0, 32768.0, ...
2269556,  1193.9,   792.8,   467.0, 32768.0, ...
EFIX L   2269200, 2269556, 358,  1195.5,   787.7,     465
SSACC L  2269558
2269558,  1191.9,   794.6,   468.0, 32768.0, ...
2269560,  1187.9,   797.1,   468.0, 32768.0, ...
2269562,  1182.2,   801.0,   469.0, 32768.0, ...
2269564,  1175.2,   804.6,   469.0, 32768.0, ...
2269566,  1166.4,   808.1,   470.0, 32768.0, ...
2269568,  1156.7,   811.4,   471.0, 32768.0, ...
2269570,  1147.7,   814.7,   471.0, 32768.0, ...
2269572,  1140.2,   816.8,   472.0, 32768.0, ...
2269574,  1134.8,   817.6,   472.0, 32768.0, ...
2269576,  1131.3,   816.9,   472.0, 32768.0, ...
2269578,  1129.1,   816.2,   473.0, 32768.0, ...
ESACC L  2269558, 2269578, 22,  1191.9,   794.6,  1129.1,   816.2,    1.24,      87
SFIX L   2269580
2269580,  1128.9,   815.7,   473.0, 32768.0, ...
2269582,  1129.6,   815.3,   473.0, 32768.0, ...
2269584,  1130.2,   814.9,   473.0, 32768.0, ...
2269586,  1130.8,   814.7,   472.0, 32768.0, ...
2269588,  1131.0,   815.3,   472.0, 32768.0, ...
2269590,  1130.9,   815.8,   471.0, 32768.0, ...
2269592,  1130.9,   816.4,   471.0, 32768.0, ...
2269594,  1130.7,   817.2,   470.0, 32768.0, ...
2269596,  1130.5,   818.1,   470.0, 32768.0, ...
2269598,  1130.3,   818.9,   470.0, 32768.0, ...
2269600,  1130.2,   819.5,   470.0, 32768.0, ...
2269602,  1130.4,   819.9,   471.0, 32768.0, ...
2269604,  1130.6,   820.1,   471.0, 32768.0, ...
2269606,  1131.1,   820.4,   471.0, 32768.0, ...
2269608,  1131.6,   820.3,   471.0, 32768.0, ...
2269610,  1132.0,   819.9,   471.0, 32768.0, ...
2269612,  1132.5,   819.1,   471.0, 32768.0, ...
2269614,  1133.3,   818.3,   470.0, 32768.0, ...
2269616,  1134.0,   817.5,   470.0, 32768.0, ...
2269618,  1134.7,   816.9,   469.0, 32768.0, ...
2269620,  1135.1,   816.2,   468.0, 32768.0, ...
2269622,  1135.5,   815.8,   467.0, 32768.0, ...
2269624,  1135.8,   816.0,   466.0, 32768.0, ...
2269626,  1136.0,   816.6,   466.0, 32768.0, ...
2269628,  1135.9,   817.1,   466.0, 32768.0, ...
2269630,  1135.7,   817.6,   465.0, 32768.0, ...
2269632,  1135.6,   818.1,   465.0, 32768.0, ...
2269634,  1135.4,   818.6,   466.0, 32768.0, ...
2269636,  1135.2,   818.8,   466.0, 32768.0, ...
2269638,  1135.0,   818.8,   465.0, 32768.0, ...
2269640,  1134.6,   818.9,   465.0, 32768.0, ...
2269642,  1134.2,   819.1,   465.0, 32768.0, ...
2269644,  1133.8,   819.4,   464.0, 32768.0, ...
2269646,  1133.4,   819.6,   464.0, 32768.0, ...
2269648,  1133.0,   819.9,   464.0, 32768.0, ...
2269650,  1132.7,   820.3,   463.0, 32768.0, ...
2269652,  1132.4,   820.6,   463.0, 32768.0, ...
2269654,  1132.5,   820.8,   462.0, 32768.0, ...
2269656,  1132.5,   820.6,   462.0, 32768.0, ...
2269658,  1132.6,   820.4,   462.0, 32768.0, ...
2269660,  1132.7,   820.0,   462.0, 32768.0, ...
2269662,  1132.7,   819.5,   462.0, 32768.0, ...
2269664,  1132.8,   819.0,   462.0, 32768.0, ...
2269666,  1132.6,   818.4,   462.0, 32768.0, ...
2269668,  1132.3,   817.8,   462.0, 32768.0, ...
2269670,  1132.1,   817.5,   463.0, 32768.0, ...
2269672,  1132.0,   817.4,   463.0, 32768.0, ...
2269674,  1131.9,   817.7,   463.0, 32768.0, ...
2269676,  1131.9,   818.1,   463.0, 32768.0, ...
2269678,  1132.0,   818.3,   463.0, 32768.0, ...
2269680,  1132.3,   818.5,   463.0, 32768.0, ...
2269682,  1132.8,   818.1,   462.0, 32768.0, ...
2269684,  1132.8,   817.6,   462.0, 32768.0, ...
2269686,  1132.8,   817.1,   461.0, 32768.0, ...
2269688,  1132.7,   816.0,   460.0, 32768.0, ...
2269690,  1132.7,   814.9,   459.0, 32768.0, ...
2269692,  1132.6,   814.0,   459.0, 32768.0, ...
2269694,  1132.6,   813.3,   458.0, 32768.0, ...
2269696,  1132.5,   813.2,   458.0, 32768.0, ...
2269698,  1132.6,   813.1,   457.0, 32768.0, ...
2269700,  1132.6,   812.9,   457.0, 32768.0, ...
2269702,  1132.6,   812.8,   457.0, 32768.0, ...
2269704,  1132.6,   812.9,   457.0, 32768.0, ...
2269706,  1132.4,   813.1,   457.0, 32768.0, ...
2269708,  1132.1,   813.5,   457.0, 32768.0, ...
2269710,  1131.8,   813.9,   457.0, 32768.0, ...
2269712,  1131.6,   814.8,   457.0, 32768.0, ...
2269714,  1131.5,   815.6,   457.0, 32768.0, ...
2269716,  1131.4,   816.1,   457.0, 32768.0, ...
2269718,  1131.3,   816.4,   456.0, 32768.0, ...
2269720,  1131.2,   816.2,   456.0, 32768.0, ...
2269722,  1131.2,   815.5,   456.0, 32768.0, ...
2269724,  1131.3,   814.9,   455.0, 32768.0, ...
2269726,  1131.3,   814.0,   455.0, 32768.0, ...
2269728,  1131.4,   814.2,   455.0, 32768.0, ...
2269730,  1131.4,   814.6,   456.0, 32768.0, ...
2269732,  1131.5,   815.2,   457.0, 32768.0, ...
2269734,  1131.8,   816.6,   458.0, 32768.0, ...
2269736,  1132.1,   818.5,   459.0, 32768.0, ...
2269738,  1132.5,   820.1,   460.0, 32768.0, ...
2269740,  1132.8,   821.5,   461.0, 32768.0, ...
2269742,  1133.1,   821.9,   462.0, 32768.0, ...
2269744,  1133.5,   822.1,   462.0, 32768.0, ...
2269746,  1133.9,   821.8,   462.0, 32768.0, ...
2269748,  1134.1,   820.8,   461.0, 32768.0, ...
2269750,  1134.3,   819.7,   460.0, 32768.0, ...
2269752,  1134.4,   818.6,   459.0, 32768.0, ...
2269754,  1134.4,   817.3,   459.0, 32768.0, ...
2269756,  1134.4,   816.3,   458.0, 32768.0, ...
2269758,  1134.2,   815.7,   458.0, 32768.0, ...
2269760,  1133.9,   816.1,   458.0, 32768.0, ...
2269762,  1133.6,   816.5,   458.0, 32768.0, ...
2269764,  1133.2,   817.1,   459.0, 32768.0, ...
2269766,  1132.8,   818.0,   459.0, 32768.0, ...
2269768,  1132.5,   819.2,   459.0, 32768.0, ...
2269770,  1132.3,   820.2,   459.0, 32768.0, ...
2269772,  1132.4,   820.9,   459.0, 32768.0, ...
2269774,  1132.7,   821.0,   458.0, 32768.0, ...
2269776,  1132.8,   819.9,   457.0, 32768.0, ...
2269778,  1132.9,   818.7,   456.0, 32768.0, ...
2269780,  1132.7,   817.2,   455.0, 32768.0, ...
2269782,  1132.3,   815.8,   455.0, 32768.0, ...
2269784,  1131.9,   814.3,   454.0, 32768.0, ...
2269786,  1131.2,   812.9,   453.0, 32768.0, ...
2269788,  1130.6,   811.6,   452.0, 32768.0, ...
2269790,  1130.0,   811.5,   451.0, 32768.0, ...
2269792,  1129.5,   811.3,   450.0, 32768.0, ...
2269794,  1129.6,   811.5,   450.0, 32768.0, ...
2269796,  1129.7,   812.0,   450.0, 32768.0, ...
2269798,  1130.1,   812.8,   452.0, 32768.0, ...
2269800,  1130.5,   813.8,   454.0, 32768.0, ...
2269802,  1130.8,   815.7,   456.0, 32768.0, ...
2269804,  1131.3,   817.5,   458.0, 32768.0, ...
2269806,  1132.3,   819.5,   459.0, 32768.0, ...
2269808,  1133.2,   821.2,   460.0, 32768.0, ...
2269810,  1134.1,   822.6,   461.0, 32768.0, ...
2269812,  1135.0,   823.7,   461.0, 32768.0, ...
2269814,  1136.9,   824.7,   460.0, 32768.0, ...
EFIX L   2269580, 2269814, 236,  1132.5,   817.3,     461
SSACC L  2269816
2269816,  1139.2,   824.7,   459.0, 32768.0, ...
2269818,  1142.8,   824.3,   457.0, 32768.0, ...
2269820,  1148.5,   823.7,   455.0, 32768.0, ...
2269822,  1154.7,   823.0,   453.0, 32768.0, ...
2269824,  1162.8,   822.3,   451.0, 32768.0, ...
2269826,  1170.7,   821.0,   448.0, 32768.0, ...
2269828,  1177.3,   819.6,   446.0, 32768.0, ...
2269830,  1183.5,   818.2,   445.0, 32768.0, ...
2269832,  1188.2,   817.1,   444.0, 32768.0, ...
2269834,  1190.2,   816.1,   445.0, 32768.0, ...
ESACC L  2269816, 2269834, 20,  1139.2,   824.7,  1190.2,   816.1,    0.97,      68
SFIX L   2269836
2269836,  1191.5,   815.2,   446.0, 32768.0, ...
2269838,  1190.9,   814.1,   447.0, 32768.0, ...
2269840,  1190.3,   813.7,   448.0, 32768.0, ...
2269842,  1189.7,   813.3,   449.0, 32768.0, ...
2269844,  1189.2,   813.0,   449.0, 32768.0, ...
2269846,  1189.0,   813.0,   450.0, 32768.0, ...
2269848,  1188.9,   813.4,   450.0, 32768.0, ...
2269850,  1189.0,   813.9,   449.0, 32768.0, ...
2269852,  1189.0,   814.5,   449.0, 32768.0, ...
2269854,  1189.1,   815.0,   449.0, 32768.0, ...
2269856,  1189.2,   815.3,   449.0, 32768.0, ...
2269858,  1189.2,   815.7,   449.0, 32768.0, ...
2269860,  1189.3,   815.7,   449.0, 32768.0, ...
2269862,  1189.5,   815.4,   449.0, 32768.0, ...
2269864,  1189.7,   815.0,   449.0, 32768.0, ...
2269866,  1189.9,   814.7,   449.0, 32768.0, ...
2269868,  1190.4,   814.6,   449.0, 32768.0, ...
2269870,  1190.7,   814.4,   449.0, 32768.0, ...
2269872,  1191.1,   814.1,   448.0, 32768.0, ...
2269874,  1191.2,   813.7,   448.0, 32768.0, ...
2269876,  1191.1,   813.2,   448.0, 32768.0, ...
2269878,  1191.2,   812.7,   448.0, 32768.0, ...
2269880,  1191.3,   812.3,   448.0, 32768.0, ...
2269882,  1191.5,   811.9,   448.0, 32768.0, ...
2269884,  1191.8,   812.2,   448.0, 32768.0, ...
2269886,  1192.1,   812.7,   448.0, 32768.0, ...
2269888,  1192.6,   813.4,   449.0, 32768.0, ...
2269890,  1193.1,   814.2,   449.0, 32768.0, ...
2269892,  1193.4,   815.0,   450.0, 32768.0, ...
2269894,  1193.4,   815.7,   451.0, 32768.0, ...
2269896,  1193.0,   816.3,   451.0, 32768.0, ...
2269898,  1192.6,   816.5,   451.0, 32768.0, ...
2269900,  1191.8,   816.7,   452.0, 32768.0, ...
2269902,  1191.1,   816.6,   452.0, 32768.0, ...
2269904,  1190.3,   816.6,   452.0, 32768.0, ...
2269906,  1189.7,   816.5,   452.0, 32768.0, ...
2269908,  1189.2,   816.3,   452.0, 32768.0, ...
2269910,  1188.7,   816.1,   452.0, 32768.0, ...
2269912,  1188.5,   815.8,   452.0, 32768.0, ...
2269914,  1188.5,   815.8,   452.0, 32768.0, ...
2269916,  1188.6,   815.8,   452.0, 32768.0, ...
2269918,  1188.8,   815.8,   452.0, 32768.0, ...
2269920,  1189.1,   815.9,   452.0, 32768.0, ...
2269922,  1189.3,   816.1,   452.0, 32768.0, ...
2269924,  1189.6,   816.2,   452.0, 32768.0, ...
2269926,  1189.7,   816.3,   452.0, 32768.0, ...
2269928,  1189.9,   816.2,   452.0, 32768.0, ...
2269930,  1190.0,   816.0,   451.0, 32768.0, ...
2269932,  1189.9,   815.8,   451.0, 32768.0, ...
2269934,  1189.8,   815.4,   450.0, 32768.0, ...
2269936,  1189.6,   815.2,   450.0, 32768.0, ...
2269938,  1189.4,   815.1,   450.0, 32768.0, ...
2269940,  1189.1,   814.9,   450.0, 32768.0, ...
2269942,  1189.0,   814.7,   450.0, 32768.0, ...
2269944,  1188.8,   814.6,   450.0, 32768.0, ...
2269946,  1188.8,   814.4,   450.0, 32768.0, ...
2269948,  1189.1,   814.2,   451.0, 32768.0, ...
2269950,  1189.4,   813.9,   451.0, 32768.0, ...
2269952,  1189.7,   813.6,   451.0, 32768.0, ...
2269954,  1190.1,   813.3,   451.0, 32768.0, ...
2269956,  1190.6,   813.2,   451.0, 32768.0, ...
2269958,  1191.1,   813.2,   451.0, 32768.0, ...
2269960,  1191.5,   813.1,   451.0, 32768.0, ...
2269962,  1191.9,   813.1,   451.0, 32768.0, ...
2269964,  1192.3,   813.2,   451.0, 32768.0, ...
2269966,  1192.7,   813.4,   451.0, 32768.0, ...
2269968,  1193.0,   813.6,   452.0, 32768.0, ...
2269970,  1193.0,   813.7,   452.0, 32768.0, ...
2269972,  1192.8,   813.8,   452.0, 32768.0, ...
2269974,  1192.5,   813.8,   452.0, 32768.0, ...
2269976,  1192.1,   813.8,   452.0, 32768.0, ...
2269978,  1191.7,   813.7,   453.0, 32768.0, ...
2269980,  1191.5,   813.6,   453.0, 32768.0, ...
2269982,  1191.4,   813.5,   453.0, 32768.0, ...
2269984,  1191.5,   813.4,   453.0, 32768.0, ...
2269986,  1191.8,   813.3,   453.0, 32768.0, ...
2269988,  1192.1,   813.2,   453.0, 32768.0, ...
2269990,  1192.4,   813.1,   453.0, 32768.0, ...
2269992,  1192.7,   812.7,   453.0, 32768.0, ...
2269994,  1192.9,   812.3,   453.0, 32768.0, ...
2269996,  1193.0,   812.0,   454.0, 32768.0, ...
2269998,  1193.1,   812.1,   454.0, 32768.0, ...
2270000,  1193.3,   812.3,   454.0, 32768.0, ...
2270002,  1193.4,   812.5,   454.0, 32768.0, ...
2270004,  1193.4,   812.8,   454.0, 32768.0, ...
2270006,  1193.5,   813.4,   453.0, 32768.0, ...
2270008,  1193.5,   813.9,   453.0, 32768.0, ...
2270010,  1193.5,   814.3,   453.0, 32768.0, ...
2270012,  1193.5,   814.4,   452.0, 32768.0, ...
2270014,  1193.4,   814.5,   452.0, 32768.0, ...
2270016,  1193.4,   814.7,   452.0, 32768.0, ...
2270018,  1193.4,   814.9,   452.0, 32768.0, ...
2270020,  1193.3,   815.2,   452.0, 32768.0, ...
2270022,  1192.9,   815.8,   452.0, 32768.0, ...
2270024,  1192.4,   816.3,   452.0, 32768.0, ...
2270026,  1191.8,   816.8,   453.0, 32768.0, ...
2270028,  1191.2,   817.2,   453.0, 32768.0, ...
2270030,  1190.5,   817.6,   453.0, 32768.0, ...
2270032,  1190.0,   817.8,   453.0, 32768.0, ...
2270034,  1189.5,   817.9,   453.0, 32768.0, ...
2270036,  1189.4,   817.8,   453.0, 32768.0, ...
2270038,  1189.5,   817.6,   453.0, 32768.0, ...
2270040,  1189.6,   817.3,   453.0, 32768.0, ...
2270042,  1189.7,   816.9,   453.0, 32768.0, ...
2270044,  1189.7,   816.7,   453.0, 32768.0, ...
2270046,  1189.7,   816.5,   453.0, 32768.0, ...
2270048,  1189.7,   816.3,   453.0, 32768.0, ...
2270050,  1189.6,   816.1,   453.0, 32768.0, ...
2270052,  1189.4,   815.4,   453.0, 32768.0, ...
2270054,  1189.4,   814.8,   454.0, 32768.0, ...
2270056,  1190.0,   813.7,   453.0, 32768.0, ...
EFIX L   2269836, 2270056, 222,  1190.9,   814.7,     451
SSACC L  2270058
2270058,  1191.9,   809.7,   453.0, 32768.0, ...
2270060,  1193.8,   805.4,   452.0, 32768.0, ...
2270062,  1196.1,   798.2,   452.0, 32768.0, ...
2270064,  1199.2,   791.2,   451.0, 32768.0, ...
2270066,  1202.5,   784.6,   451.0, 32768.0, ...
2270068,  1205.9,   776.1,   450.0, 32768.0, ...
2270070,  1208.5,   767.9,   450.0, 32768.0, ...
2270072,  1210.1,   762.5,   450.0, 32768.0, ...
2270074,  1211.6,   757.4,   450.0, 32768.0, ...
2270076,  1212.6,   754.2,   450.0, 32768.0, ...
2270078,  1212.7,   750.8,   449.0, 32768.0, ...
ESACC L  2270058, 2270078, 22,  1191.9,   809.7,  1212.7,   750.8,    1.16,      75
SFIX L   2270080
2270080,  1212.6,   747.4,   448.0, 32768.0, ...
2270082,  1212.5,   746.2,   448.0, 32768.0, ...
2270084,  1212.3,   745.5,   448.0, 32768.0, ...
2270086,  1212.4,   744.9,   448.0, 32768.0, ...
2270088,  1212.6,   744.4,   448.0, 32768.0, ...
2270090,  1212.8,   744.8,   448.0, 32768.0, ...
2270092,  1213.2,   745.4,   449.0, 32768.0, ...
2270094,  1213.5,   745.9,   449.0, 32768.0, ...
2270096,  1213.9,   746.2,   450.0, 32768.0, ...
2270098,  1214.1,   746.2,   450.0, 32768.0, ...
2270100,  1214.0,   746.1,   450.0, 32768.0, ...
2270102,  1213.7,   745.6,   451.0, 32768.0, ...
2270104,  1213.4,   745.1,   451.0, 32768.0, ...
2270106,  1213.1,   744.6,   451.0, 32768.0, ...
2270108,  1212.8,   744.1,   450.0, 32768.0, ...
2270110,  1212.6,   743.7,   450.0, 32768.0, ...
2270112,  1212.4,   743.4,   450.0, 32768.0, ...
2270114,  1212.3,   743.5,   449.0, 32768.0, ...
2270116,  1212.2,   743.8,   449.0, 32768.0, ...
2270118,  1212.1,   744.2,   449.0, 32768.0, ...
2270120,  1212.1,   744.5,   449.0, 32768.0, ...
2270122,  1212.4,   744.9,   449.0, 32768.0, ...
2270124,  1212.7,   745.2,   449.0, 32768.0, ...
2270126,  1212.9,   745.3,   449.0, 32768.0, ...
2270128,  1213.3,   745.1,   450.0, 32768.0, ...
2270130,  1213.7,   744.8,   450.0, 32768.0, ...
2270132,  1214.0,   744.4,   450.0, 32768.0, ...
2270134,  1214.2,   744.0,   450.0, 32768.0, ...
2270136,  1214.2,   743.5,   450.0, 32768.0, ...
2270138,  1214.1,   743.1,   449.0, 32768.0, ...
2270140,  1214.1,   742.8,   449.0, 32768.0, ...
2270142,  1214.1,   742.7,   448.0, 32768.0, ...
2270144,  1214.4,   742.6,   448.0, 32768.0, ...
2270146,  1214.7,   742.6,   448.0, 32768.0, ...
2270148,  1214.9,   742.6,   447.0, 32768.0, ...
2270150,  1215.2,   742.9,   448.0, 32768.0, ...
2270152,  1215.5,   743.3,   448.0, 32768.0, ...
2270154,  1215.5,   743.6,   448.0, 32768.0, ...
2270156,  1215.5,   744.0,   448.0, 32768.0, ...
2270158,  1215.2,   744.5,   449.0, 32768.0, ...
2270160,  1214.9,   744.9,   449.0, 32768.0, ...
2270162,  1214.6,   745.3,   450.0, 32768.0, ...
2270164,  1214.3,   745.4,   450.0, 32768.0, ...
2270166,  1214.1,   745.6,   450.0, 32768.0, ...
2270168,  1214.1,   746.0,   449.0, 32768.0, ...
2270170,  1214.1,   746.2,   449.0, 32768.0, ...
2270172,  1214.2,   746.4,   448.0, 32768.0, ...
2270174,  1214.3,   746.6,   448.0, 32768.0, ...
2270176,  1214.5,   746.9,   447.0, 32768.0, ...
2270178,  1214.6,   747.2,   447.0, 32768.0, ...
2270180,  1214.7,   747.3,   447.0, 32768.0, ...
2270182,  1214.7,   747.3,   447.0, 32768.0, ...
2270184,  1214.7,   747.2,   447.0, 32768.0, ...
2270186,  1214.7,   747.1,   447.0, 32768.0, ...
2270188,  1214.7,   747.0,   447.0, 32768.0, ...
2270190,  1214.7,   746.9,   447.0, 32768.0, ...
2270192,  1214.7,   746.7,   447.0, 32768.0, ...
2270194,  1214.6,   746.4,   447.0, 32768.0, ...
2270196,  1214.4,   746.0,   447.0, 32768.0, ...
2270198,  1214.1,   745.6,   447.0, 32768.0, ...
2270200,  1213.9,   745.2,   446.0, 32768.0, ...
2270202,  1213.7,   744.7,   446.0, 32768.0, ...
2270204,  1213.5,   744.4,   446.0, 32768.0, ...
2270206,  1213.4,   744.1,   446.0, 32768.0, ...
2270208,  1213.4,   744.4,   446.0, 32768.0, ...
2270210,  1213.6,   744.7,   446.0, 32768.0, ...
2270212,  1213.8,   745.1,   447.0, 32768.0, ...
2270214,  1214.0,   745.4,   446.0, 32768.0, ...
2270216,  1214.2,   745.6,   446.0, 32768.0, ...
2270218,  1214.2,   745.7,   445.0, 32768.0, ...
2270220,  1214.1,   745.8,   444.0, 32768.0, ...
2270222,  1213.9,   745.6,   443.0, 32768.0, ...
2270224,  1213.4,   745.4,   443.0, 32768.0, ...
2270226,  1213.0,   745.3,   442.0, 32768.0, ...
2270228,  1212.5,   745.2,   442.0, 32768.0, ...
2270230,  1212.0,   744.2,   443.0, 32768.0, ...
EFIX L   2270080, 2270230, 152,  1213.8,   745.1,     448
SSACC L  2270232
2270232,  1211.3,   742.7,   443.0, 32768.0, ...
2270234,  1209.8,   739.1,   443.0, 32768.0, ...
2270236,  1207.7,   731.6,   444.0, 32768.0, ...
2270238,  1205.8,   721.3,   444.0, 32768.0, ...
2270240,  1203.8,   710.1,   445.0, 32768.0, ...
2270242,  1201.8,   698.1,   446.0, 32768.0, ...
2270244,  1200.0,   687.0,   446.0, 32768.0, ...
2270246,  1198.5,   675.0,   446.0, 32768.0, ...
2270248,  1198.4,   664.5,   446.0, 32768.0, ...
2270250,  1199.2,   657.6,   446.0, 32768.0, ...
2270252,  1200.1,   653.6,   446.0, 32768.0, ...
2270254,  1201.1,   650.3,   445.0, 32768.0, ...
2270256,  1202.1,   647.7,   445.0, 32768.0, ...
ESACC L  2270232, 2270256, 26,  1211.3,   742.7,  1202.1,   647.7,    1.77,     108
SFIX L   2270258
2270258,  1202.9,   644.6,   444.0, 32768.0, ...
2270260,  1203.5,   643.0,   443.0, 32768.0, ...
2270262,  1203.7,   640.9,   442.0, 32768.0, ...
2270264,  1203.8,   638.6,   440.0, 32768.0, ...
2270266,  1204.2,   636.3,   439.0, 32768.0, ...
2270268,  1204.5,   634.3,   437.0, 32768.0, ...
2270270,  1204.9,   632.5,   437.0, 32768.0, ...
2270272,  1205.2,   631.6,   436.0, 32768.0, ...
2270274,  1205.5,   630.7,   435.0, 32768.0, ...
2270276,  1205.8,   632.0,   435.0, 32768.0, ...
2270278,  1205.9,   633.6,   435.0, 32768.0, ...
2270280,  1205.9,   635.2,   436.0, 32768.0, ...
2270282,  1206.0,   636.8,   436.0, 32768.0, ...
2270284,  1206.2,   638.2,   436.0, 32768.0, ...
2270286,  1206.4,   639.3,   436.0, 32768.0, ...
2270288,  1206.7,   640.0,   436.0, 32768.0, ...
2270290,  1207.1,   639.7,   436.0, 32768.0, ...
2270292,  1207.4,   639.3,   437.0, 32768.0, ...
2270294,  1207.6,   639.2,   437.0, 32768.0, ...
2270296,  1207.6,   639.3,   438.0, 32768.0, ...
2270298,  1207.7,   639.5,   439.0, 32768.0, ...
2270300,  1207.9,   639.8,   440.0, 32768.0, ...
2270302,  1208.5,   640.5,   442.0, 32768.0, ...
2270304,  1209.1,   641.3,   443.0, 32768.0, ...
2270306,  1209.6,   642.1,   444.0, 32768.0, ...
2270308,  1210.0,   643.3,   446.0, 32768.0, ...
2270310,  1210.0,   644.1,   446.0, 32768.0, ...
2270312,  1209.9,   644.9,   446.0, 32768.0, ...
2270314,  1209.6,   645.4,   447.0, 32768.0, ...
2270316,  1209.2,   645.9,   447.0, 32768.0, ...
2270318,  1208.7,   646.5,   447.0, 32768.0, ...
2270320,  1208.3,   647.1,   448.0, 32768.0, ...
2270322,  1207.9,   647.1,   448.0, 32768.0, ...
2270324,  1207.8,   647.3,   448.0, 32768.0, ...
2270326,  1207.8,   647.6,   448.0, 32768.0, ...
2270328,  1207.6,   648.4,   449.0, 32768.0, ...
2270330,  1207.0,   649.2,   449.0, 32768.0, ...
2270332,  1206.3,   649.9,   449.0, 32768.0, ...
2270334,  1205.6,   650.5,   450.0, 32768.0, ...
2270336,  1205.0,   650.9,   450.0, 32768.0, ...
2270338,  1204.4,   650.7,   450.0, 32768.0, ...
2270340,  1204.1,   650.5,   450.0, 32768.0, ...
2270342,  1203.9,   649.9,   450.0, 32768.0, ...
2270344,  1204.0,   649.2,   450.0, 32768.0, ...
2270346,  1204.3,   648.5,   449.0, 32768.0, ...
2270348,  1204.7,   647.9,   449.0, 32768.0, ...
2270350,  1205.1,   645.5,   449.0, 32768.0, ...
2270352,  1205.5,   643.5,   448.0, 32768.0, ...
2270354,  1205.7,   641.6,   448.0, 32768.0, ...
2270356,  1206.0,   639.7,   447.0, 32768.0, ...
2270358,  1206.1,   637.6,   446.0, 32768.0, ...
2270360,  1206.3,   635.6,   445.0, 32768.0, ...
2270362,  1206.5,   633.5,   444.0, 32768.0, ...
2270364,  1206.6,   633.4,   443.0, 32768.0, ...
2270366,  1206.7,   633.2,   442.0, 32768.0, ...
2270368,  1206.8,   633.1,   441.0, 32768.0, ...
2270370,  1206.8,   633.0,   439.0, 32768.0, ...
2270372,  1206.9,   632.9,   439.0, 32768.0, ...
2270374,  1207.1,   632.8,   438.0, 32768.0, ...
2270376,  1207.2,   632.7,   438.0, 32768.0, ...
2270378,  1207.4,   632.7,   438.0, 32768.0, ...
2270380,  1207.5,   632.4,   437.0, 32768.0, ...
2270382,  1207.5,   631.7,   437.0, 32768.0, ...
2270384,  1207.2,   631.2,   436.0, 32768.0, ...
2270386,  1206.8,   630.8,   437.0, 32768.0, ...
2270388,  1206.5,   631.1,   437.0, 32768.0, ...
2270390,  1206.3,   631.5,   437.0, 32768.0, ...
2270392,  1206.1,   631.8,   437.0, 32768.0, ...
2270394,  1206.0,   632.4,   437.0, 32768.0, ...
2270396,  1206.2,   633.5,   438.0, 32768.0, ...
2270398,  1206.7,   634.3,   438.0, 32768.0, ...
2270400,  1207.1,   634.9,   438.0, 32768.0, ...
2270402,  1207.5,   634.8,   438.0, 32768.0, ...
2270404,  1207.7,   634.6,   438.0, 32768.0, ...
2270406,  1207.9,   634.5,   438.0, 32768.0, ...
2270408,  1208.0,   634.4,   438.0, 32768.0, ...
2270410,  1208.0,   634.2,   438.0, 32768.0, ...
2270412,  1208.0,   634.0,   438.0, 32768.0, ...
2270414,  1208.1,   633.8,   438.0, 32768.0, ...
2270416,  1208.2,   633.6,   438.0, 32768.0, ...
2270418,  1208.2,   633.3,   438.0, 32768.0, ...
2270420,  1208.2,   633.1,   438.0, 32768.0, ...
2270422,  1208.2,   632.8,   438.0, 32768.0, ...
2270424,  1208.1,   632.7,   439.0, 32768.0, ...
2270426,  1208.0,   632.8,   439.0, 32768.0, ...
2270428,  1207.9,   632.9,   439.0, 32768.0, ...
2270430,  1207.7,   633.0,   439.0, 32768.0, ...
2270432,  1207.6,   633.2,   439.0, 32768.0, ...
2270434,  1207.6,   633.5,   439.0, 32768.0, ...
2270436,  1207.6,   634.0,   440.0, 32768.0, ...
2270438,  1207.7,   634.3,   440.0, 32768.0, ...
2270440,  1207.9,   634.5,   440.0, 32768.0, ...
2270442,  1208.1,   634.3,   440.0, 32768.0, ...
2270444,  1208.4,   634.2,   440.0, 32768.0, ...
2270446,  1208.5,   634.0,   440.0, 32768.0, ...
2270448,  1208.6,   633.5,   440.0, 32768.0, ...
2270450,  1208.6,   632.7,   439.0, 32768.0, ...
2270452,  1208.6,   632.0,   439.0, 32768.0, ...
2270454,  1208.4,   631.3,   439.0, 32768.0, ...
2270456,  1208.2,   630.6,   438.0, 32768.0, ...
2270458,  1208.1,   630.0,   438.0, 32768.0, ...
2270460,  1208.0,   629.4,   438.0, 32768.0, ...
2270462,  1208.0,   629.0,   437.0, 32768.0, ...
2270464,  1208.1,   628.8,   437.0, 32768.0, ...
2270466,  1208.2,   628.6,   437.0, 32768.0, ...
2270468,  1208.2,   628.5,   436.0, 32768.0, ...
2270470,  1208.3,   628.6,   436.0, 32768.0, ...
2270472,  1208.3,   628.7,   436.0, 32768.0, ...
2270474,  1208.3,   628.7,   436.0, 32768.0, ...
2270476,  1208.2,   629.0,   437.0, 32768.0, ...
2270478,  1208.0,   629.3,   437.0, 32768.0, ...
2270480,  1207.9,   630.0,   437.0, 32768.0, ...
2270482,  1207.7,   631.3,   437.0, 32768.0, ...
2270484,  1207.5,   632.7,   438.0, 32768.0, ...
2270486,  1206.9,   634.2,   438.0, 32768.0, ...
2270488,  1206.4,   635.6,   439.0, 32768.0, ...
2270490,  1205.9,   636.8,   439.0, 32768.0, ...
2270492,  1205.7,   637.7,   439.0, 32768.0, ...
2270494,  1205.5,   638.2,   440.0, 32768.0, ...
2270496,  1205.5,   638.3,   440.0, 32768.0, ...
2270498,  1205.5,   638.2,   441.0, 32768.0, ...
2270500,  1205.8,   638.2,   441.0, 32768.0, ...
2270502,  1206.0,   638.0,   442.0, 32768.0, ...
2270504,  1206.0,   635.9,   442.0, 32768.0, ...
2270506,  1205.9,   633.9,   443.0, 32768.0, ...
2270508,  1205.6,   631.6,   444.0, 32768.0, ...
2270510,  1205.2,   627.8,   445.0, 32768.0, ...
2270512,  1204.9,   623.9,   445.0, 32768.0, ...
2270514,  1204.8,   619.7,   446.0, 32768.0, ...
2270516,  1204.9,   614.9,   447.0, 32768.0, ...
2270518,  1205.3,   612.1,   447.0, 32768.0, ...
2270520,  1205.6,   609.5,   448.0, 32768.0, ...
2270522,  1206.1,   607.0,   448.0, 32768.0, ...
2270524,  1206.6,   605.2,   447.0, 32768.0, ...
2270526,  1207.1,   603.8,   447.0, 32768.0, ...
2270528,  1207.5,   602.6,   446.0, 32768.0, ...
2270530,  1207.7,   602.6,   446.0, 32768.0, ...
2270532,  1207.9,   602.6,   445.0, 32768.0, ...
2270534,  1208.1,   602.5,   446.0, 32768.0, ...
2270536,  1208.2,   602.4,   446.0, 32768.0, ...
2270538,  1208.3,   602.8,   447.0, 32768.0, ...
2270540,  1208.4,   603.1,   448.0, 32768.0, ...
2270542,  1208.4,   603.1,   448.0, 32768.0, ...
2270544,  1208.3,   602.6,   448.0, 32768.0, ...
2270546,  1208.2,   601.9,   448.0, 32768.0, ...
2270548,  1208.1,   601.4,   447.0, 32768.0, ...
2270550,  1208.0,   601.0,   446.0, 32768.0, ...
2270552,  1207.9,   600.7,   446.0, 32768.0, ...
2270554,  1207.8,   600.6,   445.0, 32768.0, ...
2270556,  1207.6,   600.7,   445.0, 32768.0, ...
2270558,  1207.9,   600.9,   444.0, 32768.0, ...
2270560,  1208.2,   601.1,   444.0, 32768.0, ...
2270562,  1208.5,   601.1,   444.0, 32768.0, ...
2270564,  1208.7,   600.9,   444.0, 32768.0, ...
2270566,  1208.9,   600.7,   444.0, 32768.0, ...
2270568,  1209.1,   600.4,   444.0, 32768.0, ...
2270570,  1209.3,   600.1,   444.0, 32768.0, ...
2270572,  1209.2,   599.9,   445.0, 32768.0, ...
2270574,  1209.2,   599.6,   445.0, 32768.0, ...
2270576,  1209.2,   599.7,   445.0, 32768.0, ...
2270578,  1209.3,   600.0,   445.0, 32768.0, ...
2270580,  1209.5,   600.3,   445.0, 32768.0, ...
2270582,  1209.7,   600.6,   445.0, 32768.0, ...
2270584,  1209.9,   600.4,   445.0, 32768.0, ...
2270586,  1210.1,   600.3,   445.0, 32768.0, ...
2270588,  1210.3,   600.3,   445.0, 32768.0, ...
2270590,  1210.4,   600.2,   445.0, 32768.0, ...
2270592,  1210.4,   599.8,   445.0, 32768.0, ...
2270594,  1210.3,   599.4,   444.0, 32768.0, ...
2270596,  1209.9,   598.8,   443.0, 32768.0, ...
2270598,  1209.4,   598.6,   443.0, 32768.0, ...
2270600,  1209.0,   598.2,   442.0, 32768.0, ...
2270602,  1208.6,   597.8,   442.0, 32768.0, ...
2270604,  1208.1,   597.2,   441.0, 32768.0, ...
2270606,  1207.7,   596.8,   440.0, 32768.0, ...
2270608,  1207.5,   596.4,   440.0, 32768.0, ...
2270610,  1207.5,   596.3,   440.0, 32768.0, ...
2270612,  1207.5,   596.1,   440.0, 32768.0, ...
2270614,  1207.5,   596.6,   441.0, 32768.0, ...
2270616,  1207.5,   597.1,   441.0, 32768.0, ...
2270618,  1207.2,   597.6,   441.0, 32768.0, ...
2270620,  1206.9,   598.0,   441.0, 32768.0, ...
2270622,  1206.6,   598.4,   442.0, 32768.0, ...
2270624,  1206.3,   598.6,   442.0, 32768.0, ...
2270626,  1206.3,   598.5,   441.0, 32768.0, ...
2270628,  1206.3,   597.9,   440.0, 32768.0, ...
2270630,  1206.2,   597.2,   440.0, 32768.0, ...
2270632,  1206.3,   596.6,   439.0, 32768.0, ...
2270634,  1206.2,   595.9,   438.0, 32768.0, ...
2270636,  1206.0,   595.2,   438.0, 32768.0, ...
2270638,  1205.9,   594.7,   437.0, 32768.0, ...
2270640,  1206.2,   594.6,   437.0, 32768.0, ...
2270642,  1206.4,   594.7,   437.0, 32768.0, ...
2270644,  1206.8,   594.7,   437.0, 32768.0, ...
2270646,  1207.2,   594.6,   437.0, 32768.0, ...
2270648,  1207.7,   594.3,   436.0, 32768.0, ...
2270650,  1208.2,   594.0,   436.0, 32768.0, ...
2270652,  1208.6,   593.7,   435.0, 32768.0, ...
2270654,  1208.3,   593.0,   434.0, 32768.0, ...
2270656,  1208.0,   592.3,   433.0, 32768.0, ...
2270658,  1207.7,   591.7,   432.0, 32768.0, ...
2270660,  1207.4,   591.2,   431.0, 32768.0, ...
2270662,  1207.3,   591.2,   430.0, 32768.0, ...
2270664,  1207.3,   591.2,   430.0, 32768.0, ...
2270666,  1207.3,   591.4,   430.0, 32768.0, ...
2270668,  1207.4,   591.7,   430.0, 32768.0, ...
2270670,  1207.4,   592.1,   431.0, 32768.0, ...
2270672,  1207.4,   592.5,   432.0, 32768.0, ...
2270674,  1207.4,   592.9,   432.0, 32768.0, ...
2270676,  1207.3,   593.1,   432.0, 32768.0, ...
2270678,  1207.2,   593.3,   433.0, 32768.0, ...
2270680,  1207.0,   593.4,   433.0, 32768.0, ...
2270682,  1206.9,   593.3,   433.0, 32768.0, ...
2270684,  1206.8,   593.3,   433.0, 32768.0, ...
2270686,  1206.7,   593.6,   433.0, 32768.0, ...
2270688,  1206.7,   593.9,   433.0, 32768.0, ...
2270690,  1206.6,   594.8,   433.0, 32768.0, ...
2270692,  1206.6,   595.7,   433.0, 32768.0, ...
2270694,  1206.6,   596.6,   433.0, 32768.0, ...
2270696,  1206.6,   597.4,   433.0, 32768.0, ...
2270698,  1206.6,   598.3,   433.0, 32768.0, ...
2270700,  1206.6,   599.0,   433.0, 32768.0, ...
2270702,  1206.7,   599.7,   433.0, 32768.0, ...
2270704,  1206.9,   600.1,   433.0, 32768.0, ...
2270706,  1207.1,   600.4,   433.0, 32768.0, ...
2270708,  1207.4,   600.8,   433.0, 32768.0, ...
2270710,  1207.8,   601.2,   433.0, 32768.0, ...
2270712,  1208.0,   601.5,   433.0, 32768.0, ...
2270714,  1208.2,   601.6,   432.0, 32768.0, ...
2270716,  1208.3,   601.6,   432.0, 32768.0, ...
2270718,  1208.4,   601.5,   432.0, 32768.0, ...
2270720,  1208.4,   601.4,   432.0, 32768.0, ...
2270722,  1208.3,   601.2,   432.0, 32768.0, ...
2270724,  1208.1,   599.0,   431.0, 32768.0, ...
2270726,  1208.0,   596.6,   431.0, 32768.0, ...
2270728,  1208.1,   593.6,   431.0, 32768.0, ...
2270730,  1208.2,   590.5,   431.0, 32768.0, ...
2270732,  1208.4,   587.2,   430.0, 32768.0, ...
2270734,  1208.8,   583.7,   429.0, 32768.0, ...
2270736,  1209.2,   579.4,   428.0, 32768.0, ...
2270738,  1210.0,   576.9,   427.0, 32768.0, ...
2270740,  1210.6,   574.8,   426.0, 32768.0, ...
2270742,  1211.2,   573.4,   425.0, 32768.0, ...
2270744,  1211.8,   572.0,   424.0, 32768.0, ...
2270746,  1212.3,   571.1,   424.0, 32768.0, ...
2270748,  1212.5,   570.3,   424.0, 32768.0, ...
2270750,  1212.8,   570.6,   424.0, 32768.0, ...
2270752,  1212.6,   570.8,   423.0, 32768.0, ...
2270754,  1212.4,   571.3,   423.0, 32768.0, ...
2270756,  1212.2,   571.6,   423.0, 32768.0, ...
2270758,  1212.0,   571.8,   423.0, 32768.0, ...
2270760,  1211.9,   571.9,   423.0, 32768.0, ...
2270762,  1211.8,   572.1,   423.0, 32768.0, ...
2270764,  1211.6,   572.3,   423.0, 32768.0, ...
2270766,  1211.6,   572.5,   423.0, 32768.0, ...
2270768,  1211.6,   572.4,   423.0, 32768.0, ...
2270770,  1211.5,   572.2,   422.0, 32768.0, ...
2270772,  1211.4,   572.0,   421.0, 32768.0, ...
2270774,  1211.4,   571.9,   421.0, 32768.0, ...
2270776,  1211.4,   571.6,   420.0, 32768.0, ...
2270778,  1211.5,   571.5,   419.0, 32768.0, ...
2270780,  1211.7,   571.7,   419.0, 32768.0, ...
2270782,  1211.9,   572.1,   418.0, 32768.0, ...
2270784,  1212.4,   572.8,   418.0, 32768.0, ...
2270786,  1212.9,   573.5,   419.0, 32768.0, ...
2270788,  1213.3,   574.3,   419.0, 32768.0, ...
2270790,  1213.8,   575.1,   420.0, 32768.0, ...
2270792,  1214.3,   576.6,   421.0, 32768.0, ...
2270794,  1214.9,   578.0,   421.0, 32768.0, ...
2270796,  1215.3,   579.2,   421.0, 32768.0, ...
2270798,  1215.6,   580.3,   422.0, 32768.0, ...
2270800,  1215.7,   581.4,   421.0, 32768.0, ...
2270802,  1215.7,   582.3,   420.0, 32768.0, ...
2270804,  1215.7,   583.3,   420.0, 32768.0, ...
2270806,  1215.7,   583.4,   419.0, 32768.0, ...
2270808,  1215.6,   583.4,   418.0, 32768.0, ...
2270810,  1215.5,   583.5,   418.0, 32768.0, ...
2270812,  1215.4,   583.5,   418.0, 32768.0, ...
2270814,  1215.4,   583.5,   418.0, 32768.0, ...
2270816,  1215.2,   583.4,   418.0, 32768.0, ...
2270818,  1214.7,   583.2,   417.0, 32768.0, ...
2270820,  1213.6,   582.8,   417.0, 32768.0, ...
2270822,  1212.5,   582.3,   417.0, 32768.0, ...
2270824,  1211.4,   581.8,   416.0, 32768.0, ...
2270826,  1210.5,   581.4,   416.0, 32768.0, ...
2270828,  1209.7,   581.1,   416.0, 32768.0, ...
2270830,  1209.1,   580.8,   415.0, 32768.0, ...
2270832,  1208.6,   580.3,   415.0, 32768.0, ...
2270834,  1208.8,   579.3,   415.0, 32768.0, ...
2270836,  1208.9,   578.4,   415.0, 32768.0, ...
2270838,  1208.9,   577.5,   415.0, 32768.0, ...
2270840,  1208.7,   576.4,   414.0, 32768.0, ...
2270842,  1208.6,   575.1,   414.0, 32768.0, ...
2270844,  1208.5,   573.6,   413.0, 32768.0, ...
2270846,  1208.6,   572.2,   413.0, 32768.0, ...
2270848,  1208.6,   571.7,   413.0, 32768.0, ...
2270850,  1209.4,   571.2,   412.0, 32768.0, ...
2270852,  1210.1,   570.7,   412.0, 32768.0, ...
2270854,  1210.9,   570.3,   412.0, 32768.0, ...
2270856,  1211.7,   570.0,   412.0, 32768.0, ...
2270858,  1212.3,   570.1,   412.0, 32768.0, ...
2270860,  1212.8,   570.4,   412.0, 32768.0, ...
2270862,  1213.4,   570.8,   412.0, 32768.0, ...
2270864,  1213.3,   571.2,   412.0, 32768.0, ...
2270866,  1213.2,   571.7,   413.0, 32768.0, ...
2270868,  1213.3,   572.3,   413.0, 32768.0, ...
2270870,  1213.4,   573.0,   413.0, 32768.0, ...
2270872,  1213.7,   573.6,   413.0, 32768.0, ...
2270874,  1213.9,   574.2,   413.0, 32768.0, ...
2270876,  1214.1,   574.6,   413.0, 32768.0, ...
2270878,  1214.0,   574.6,   413.0, 32768.0, ...
2270880,  1213.9,   574.1,   413.0, 32768.0, ...
2270882,  1213.6,   573.4,   412.0, 32768.0, ...
2270884,  1213.1,   572.4,   412.0, 32768.0, ...
2270886,  1212.4,   571.3,   411.0, 32768.0, ...
2270888,  1211.8,   570.1,   411.0, 32768.0, ...
2270890,  1211.2,   568.9,   410.0, 32768.0, ...
2270892,  1211.0,   568.0,   409.0, 32768.0, ...
2270894,  1210.8,   567.5,   409.0, 32768.0, ...
2270896,  1210.4,   567.1,   409.0, 32768.0, ...
2270898,  1210.3,   567.2,   408.0, 32768.0, ...
2270900,  1210.2,   567.3,   408.0, 32768.0, ...
2270902,  1210.1,   567.5,   408.0, 32768.0, ...
2270904,  1210.0,   567.8,   408.0, 32768.0, ...
2270906,  1210.1,   568.3,   408.0, 32768.0, ...
2270908,  1210.2,   568.9,   409.0, 32768.0, ...
2270910,  1210.5,   569.3,   409.0, 32768.0, ...
2270912,  1210.9,   569.6,   409.0, 32768.0, ...
2270914,  1211.2,   569.7,   409.0, 32768.0, ...
2270916,  1211.5,   569.3,   409.0, 32768.0, ...
2270918,  1211.7,   568.8,   409.0, 32768.0, ...
2270920,  1211.7,   568.1,   408.0, 32768.0, ...
2270922,  1211.7,   567.3,   408.0, 32768.0, ...
2270924,  1211.7,   566.7,   407.0, 32768.0, ...
2270926,  1211.6,   566.2,   406.0, 32768.0, ...
2270928,  1211.5,   566.3,   406.0, 32768.0, ...
2270930,  1211.1,   566.8,   406.0, 32768.0, ...
2270932,  1210.7,   567.6,   406.0, 32768.0, ...
2270934,  1210.4,   568.2,   406.0, 32768.0, ...
2270936,  1210.7,   568.8,   406.0, 32768.0, ...
2270938,  1211.1,   568.9,   406.0, 32768.0, ...
2270940,  1211.5,   568.9,   406.0, 32768.0, ...
2270942,  1211.8,   568.5,   406.0, 32768.0, ...
2270944,  1212.3,   568.1,   405.0, 32768.0, ...
2270946,  1212.9,   567.5,   405.0, 32768.0, ...
2270948,  1213.4,   567.0,   405.0, 32768.0, ...
2270950,  1213.3,   566.3,   405.0, 32768.0, ...
2270952,  1213.1,   566.0,   404.0, 32768.0, ...
2270954,  1212.9,   565.5,   404.0, 32768.0, ...
2270956,  1212.9,   564.9,   404.0, 32768.0, ...
2270958,  1212.9,   564.4,   404.0, 32768.0, ...
2270960,  1212.8,   563.9,   404.0, 32768.0, ...
2270962,  1212.8,   563.5,   404.0, 32768.0, ...
2270964,  1212.7,   563.3,   404.0, 32768.0, ...
2270966,  1212.7,   563.2,   404.0, 32768.0, ...
2270968,  1212.8,   563.2,   404.0, 32768.0, ...
2270970,  1212.8,   563.0,   404.0, 32768.0, ...
2270972,  1212.8,   562.8,   404.0, 32768.0, ...
2270974,  1212.7,   562.4,   404.0, 32768.0, ...
2270976,  1212.6,   561.9,   404.0, 32768.0, ...
2270978,  1212.5,   561.5,   403.0, 32768.0, ...
2270980,  1212.4,   561.1,   403.0, 32768.0, ...
2270982,  1212.3,   560.7,   402.0, 32768.0, ...
2270984,  1212.1,   560.7,   402.0, 32768.0, ...
2270986,  1212.2,   560.6,   402.0, 32768.0, ...
2270988,  1212.4,   560.7,   402.0, 32768.0, ...
2270990,  1212.5,   560.8,   402.0, 32768.0, ...
2270992,  1212.7,   561.0,   402.0, 32768.0, ...
2270994,  1212.9,   561.0,   402.0, 32768.0, ...
2270996,  1213.0,   561.3,   402.0, 32768.0, ...
2270998,  1213.2,   561.6,   402.0, 32768.0, ...
2271000,  1213.1,   562.0,   402.0, 32768.0, ...
2271002,  1213.0,   562.4,   403.0, 32768.0, ...
2271004,  1212.9,   563.3,   403.0, 32768.0, ...
2271006,  1212.8,   564.5,   404.0, 32768.0, ...
2271008,  1212.8,   565.7,   404.0, 32768.0, ...
2271010,  1213.0,   566.8,   405.0, 32768.0, ...
2271012,  1213.2,   568.1,   405.0, 32768.0, ...
2271014,  1213.5,   569.2,   405.0, 32768.0, ...
2271016,  1213.7,   570.2,   405.0, 32768.0, ...
2271018,  1214.0,   570.7,   405.0, 32768.0, ...
2271020,  1214.2,   570.9,   405.0, 32768.0, ...
2271022,  1214.3,   571.1,   405.0, 32768.0, ...
2271024,  1214.4,   571.1,   405.0, 32768.0, ...
2271026,  1214.4,   571.0,   405.0, 32768.0, ...
2271028,  1214.5,   570.9,   405.0, 32768.0, ...
2271030,  1214.5,   570.8,   404.0, 32768.0, ...
2271032,  1214.4,   570.6,   403.0, 32768.0, ...
2271034,  1214.3,   570.3,   403.0, 32768.0, ...
2271036,  1214.1,   570.1,   402.0, 32768.0, ...
2271038,  1213.8,   569.8,   401.0, 32768.0, ...
2271040,  1213.2,   569.6,   400.0, 32768.0, ...
2271042,  1212.4,   569.4,   399.0, 32768.0, ...
2271044,  1211.6,   569.2,   399.0, 32768.0, ...
2271046,  1210.9,   569.1,   398.0, 32768.0, ...
2271048,  1210.2,   569.0,   398.0, 32768.0, ...
2271050,  1209.5,   568.9,   397.0, 32768.0, ...
2271052,  1209.0,   568.2,   396.0, 32768.0, ...
2271054,  1208.8,   567.6,   396.0, 32768.0, ...
2271056,  1208.9,   566.9,   396.0, 32768.0, ...
2271058,  1209.4,   566.1,   395.0, 32768.0, ...
2271060,  1209.9,   564.9,   395.0, 32768.0, ...
2271062,  1210.4,   563.4,   395.0, 32768.0, ...
2271064,  1210.9,   561.9,   395.0, 32768.0, ...
2271066,  1211.3,   559.4,   396.0, 32768.0, ...
2271068,  1211.3,   556.6,   397.0, 32768.0, ...
2271070,  1211.1,   553.7,   397.0, 32768.0, ...
2271072,  1210.6,   548.3,   398.0, 32768.0, ...
2271074,  1210.1,   543.1,   399.0, 32768.0, ...
2271076,  1209.5,   538.1,   399.0, 32768.0, ...
2271078,  1209.0,   533.2,   399.0, 32768.0, ...
2271080,  1208.6,   529.7,   398.0, 32768.0, ...
2271082,  1208.4,   526.3,   398.0, 32768.0, ...
2271084,  1208.4,   523.2,   397.0, 32768.0, ...
2271086,  1208.4,   522.4,   397.0, 32768.0, ...
2271088,  1208.3,   521.5,   396.0, 32768.0, ...
2271090,  1208.4,   520.6,   396.0, 32768.0, ...
2271092,  1208.5,   519.7,   396.0, 32768.0, ...
2271094,  1208.5,   519.0,   396.0, 32768.0, ...
2271096,  1208.5,   518.4,   395.0, 32768.0, ...
2271098,  1208.3,   517.9,   395.0, 32768.0, ...
2271100,  1207.6,   517.5,   395.0, 32768.0, ...
2271102,  1206.9,   517.5,   395.0, 32768.0, ...
2271104,  1206.2,   517.4,   395.0, 32768.0, ...
2271106,  1206.0,   517.3,   395.0, 32768.0, ...
2271108,  1205.8,   517.1,   395.0, 32768.0, ...
2271110,  1205.7,   516.9,   395.0, 32768.0, ...
2271112,  1205.6,   516.7,   395.0, 32768.0, ...
2271114,  1206.2,   516.6,   394.0, 32768.0, ...
2271116,  1206.7,   516.8,   394.0, 32768.0, ...
2271118,  1207.3,   517.1,   394.0, 32768.0, ...
2271120,  1207.4,   517.4,   395.0, 32768.0, ...
2271122,  1207.6,   517.7,   395.0, 32768.0, ...
2271124,  1207.7,   518.0,   395.0, 32768.0, ...
2271126,  1208.0,   517.7,   395.0, 32768.0, ...
2271128,  1208.3,   517.3,   395.0, 32768.0, ...
2271130,  1208.9,   516.7,   395.0, 32768.0, ...
2271132,  1209.5,   516.2,   395.0, 32768.0, ...
2271134,  1210.0,   515.8,   395.0, 32768.0, ...
2271136,  1210.3,   515.5,   394.0, 32768.0, ...
2271138,  1210.6,   515.5,   394.0, 32768.0, ...
2271140,  1210.8,   516.2,   394.0, 32768.0, ...
2271142,  1210.9,   517.1,   394.0, 32768.0, ...
2271144,  1210.6,   517.8,   394.0, 32768.0, ...
2271146,  1210.2,   518.5,   394.0, 32768.0, ...
2271148,  1209.9,   519.0,   394.0, 32768.0, ...
2271150,  1209.8,   519.4,   394.0, 32768.0, ...
2271152,  1209.6,   519.8,   394.0, 32768.0, ...
2271154,  1209.5,   520.1,   394.0, 32768.0, ...
2271156,  1209.4,   520.2,   394.0, 32768.0, ...
2271158,  1209.3,   520.2,   394.0, 32768.0, ...
2271160,  1209.2,   520.1,   394.0, 32768.0, ...
2271162,  1209.4,   519.9,   395.0, 32768.0, ...
2271164,  1209.6,   519.7,   395.0, 32768.0, ...
2271166,  1209.9,   519.1,   394.0, 32768.0, ...
2271168,  1210.2,   518.6,   394.0, 32768.0, ...
2271170,  1210.5,   518.1,   394.0, 32768.0, ...
2271172,  1210.9,   517.7,   394.0, 32768.0, ...
2271174,  1211.2,   517.6,   394.0, 32768.0, ...
2271176,  1211.4,   518.0,   394.0, 32768.0, ...
2271178,  1211.5,   518.3,   394.0, 32768.0, ...
2271180,  1211.5,   518.7,   394.0, 32768.0, ...
2271182,  1211.5,   519.1,   394.0, 32768.0, ...
2271184,  1211.4,   519.4,   394.0, 32768.0, ...
2271186,  1211.3,   519.6,   394.0, 32768.0, ...
2271188,  1210.9,   519.6,   394.0, 32768.0, ...
2271190,  1210.5,   518.9,   394.0, 32768.0, ...
2271192,  1210.1,   518.3,   393.0, 32768.0, ...
2271194,  1209.8,   517.8,   393.0, 32768.0, ...
2271196,  1209.5,   517.2,   393.0, 32768.0, ...
2271198,  1209.2,   516.6,   393.0, 32768.0, ...
2271200,  1208.8,   516.0,   392.0, 32768.0, ...
2271202,  1208.7,   515.6,   392.0, 32768.0, ...
2271204,  1208.6,   515.5,   391.0, 32768.0, ...
2271206,  1208.5,   515.4,   391.0, 32768.0, ...
2271208,  1208.5,   515.3,   390.0, 32768.0, ...
2271210,  1208.4,   515.4,   390.0, 32768.0, ...
2271212,  1208.5,   515.4,   390.0, 32768.0, ...
2271214,  1208.5,   515.3,   389.0, 32768.0, ...
2271216,  1208.6,   515.1,   389.0, 32768.0, ...
2271218,  1208.6,   514.8,   388.0, 32768.0, ...
2271220,  1208.6,   514.3,   388.0, 32768.0, ...
2271222,  1208.4,   513.8,   387.0, 32768.0, ...
2271224,  1208.3,   513.3,   387.0, 32768.0, ...
2271226,  1208.1,   512.8,   386.0, 32768.0, ...
2271228,  1207.9,   512.4,   386.0, 32768.0, ...
2271230,  1207.7,   512.1,   387.0, 32768.0, ...
2271232,  1207.5,   511.6,   387.0, 32768.0, ...
2271234,  1207.4,   511.4,   387.0, 32768.0, ...
2271236,  1207.2,   511.3,   388.0, 32768.0, ...
2271238,  1207.1,   511.2,   388.0, 32768.0, ...
2271240,  1207.0,   511.2,   389.0, 32768.0, ...
2271242,  1206.7,   511.1,   389.0, 32768.0, ...
2271244,  1206.4,   511.1,   389.0, 32768.0, ...
2271246,  1206.0,   511.2,   389.0, 32768.0, ...
2271248,  1205.9,   511.2,   389.0, 32768.0, ...
2271250,  1206.0,   511.3,   389.0, 32768.0, ...
2271252,  1206.1,   511.3,   389.0, 32768.0, ...
2271254,  1206.2,   511.3,   389.0, 32768.0, ...
2271256,  1206.4,   511.4,   389.0, 32768.0, ...
2271258,  1206.7,   511.4,   389.0, 32768.0, ...
2271260,  1206.9,   511.4,   389.0, 32768.0, ...
2271262,  1207.0,   511.4,   389.0, 32768.0, ...
2271264,  1207.1,   511.4,   390.0, 32768.0, ...
2271266,  1207.6,   511.4,   390.0, 32768.0, ...
2271268,  1208.1,   511.4,   391.0, 32768.0, ...
2271270,  1208.6,   511.4,   391.0, 32768.0, ...
2271272,  1209.1,   511.3,   391.0, 32768.0, ...
2271274,  1209.5,   511.1,   392.0, 32768.0, ...
2271276,  1209.4,   511.0,   392.0, 32768.0, ...
2271278,  1209.2,   510.8,   392.0, 32768.0, ...
2271280,  1208.7,   510.7,   391.0, 32768.0, ...
2271282,  1208.2,   510.7,   391.0, 32768.0, ...
2271284,  1207.7,   511.1,   391.0, 32768.0, ...
2271286,  1207.3,   511.5,   390.0, 32768.0, ...
2271288,  1207.0,   512.0,   390.0, 32768.0, ...
2271290,  1206.8,   512.5,   390.0, 32768.0, ...
2271292,  1206.6,   513.4,   389.0, 32768.0, ...
2271294,  1206.4,   514.2,   389.0, 32768.0, ...
2271296,  1206.1,   514.8,   388.0, 32768.0, ...
2271298,  1205.9,   515.0,   388.0, 32768.0, ...
2271300,  1205.6,   515.2,   388.0, 32768.0, ...
2271302,  1205.5,   515.3,   388.0, 32768.0, ...
2271304,  1205.6,   515.3,   388.0, 32768.0, ...
2271306,  1206.0,   515.0,   388.0, 32768.0, ...
2271308,  1206.4,   514.7,   388.0, 32768.0, ...
2271310,  1206.7,   514.5,   388.0, 32768.0, ...
2271312,  1207.0,   514.4,   388.0, 32768.0, ...
2271314,  1207.3,   514.4,   388.0, 32768.0, ...
2271316,  1207.3,   514.6,   388.0, 32768.0, ...
2271318,  1207.2,   514.9,   388.0, 32768.0, ...
2271320,  1206.8,   515.5,   388.0, 32768.0, ...
2271322,  1206.4,   516.1,   388.0, 32768.0, ...
2271324,  1206.0,   516.7,   388.0, 32768.0, ...
2271326,  1205.7,   517.2,   388.0, 32768.0, ...
2271328,  1205.5,   517.6,   388.0, 32768.0, ...
2271330,  1205.4,   517.4,   389.0, 32768.0, ...
2271332,  1205.3,   517.2,   389.0, 32768.0, ...
2271334,  1205.3,   516.6,   389.0, 32768.0, ...
2271336,  1205.3,   515.9,   388.0, 32768.0, ...
2271338,  1205.3,   515.0,   387.0, 32768.0, ...
2271340,  1205.0,   514.0,   387.0, 32768.0, ...
2271342,  1204.6,   513.1,   386.0, 32768.0, ...
2271344,  1204.2,   512.5,   385.0, 32768.0, ...
2271346,  1203.8,   512.0,   383.0, 32768.0, ...
2271348,  1203.5,   511.5,   382.0, 32768.0, ...
2271350,  1203.3,   511.1,   381.0, 32768.0, ...
2271352,  1203.1,   510.9,   381.0, 32768.0, ...
2271354,  1203.2,   510.8,   380.0, 32768.0, ...
2271356,  1203.3,   510.7,   381.0, 32768.0, ...
2271358,  1203.5,   510.5,   381.0, 32768.0, ...
2271360,  1203.7,   509.4,   381.0, 32768.0, ...
2271362,  1204.0,   507.6,   382.0, 32768.0, ...
2271364,  1204.3,   505.8,   382.0, 32768.0, ...
2271366,  1204.8,   503.1,   382.0, 32768.0, ...
2271368,  1205.3,   500.6,   382.0, 32768.0, ...
2271370,  1205.9,   498.2,   382.0, 32768.0, ...
2271372,  1206.5,   496.2,   381.0, 32768.0, ...
2271374,  1207.2,   495.2,   381.0, 32768.0, ...
2271376,  1207.8,   494.9,   381.0, 32768.0, ...
2271378,  1208.5,   494.6,   382.0, 32768.0, ...
2271380,  1208.7,   495.2,   382.0, 32768.0, ...
2271382,  1208.9,   495.7,   383.0, 32768.0, ...
2271384,  1209.1,   496.2,   383.0, 32768.0, ...
2271386,  1209.2,   496.2,   384.0, 32768.0, ...
2271388,  1209.1,   496.3,   384.0, 32768.0, ...
2271390,  1209.1,   496.4,   385.0, 32768.0, ...
2271392,  1209.0,   496.5,   385.0, 32768.0, ...
2271394,  1208.9,   496.5,   385.0, 32768.0, ...
2271396,  1208.8,   496.4,   386.0, 32768.0, ...
2271398,  1208.7,   496.0,   386.0, 32768.0, ...
2271400,  1208.5,   495.5,   387.0, 32768.0, ...
2271402,  1208.4,   495.0,   387.0, 32768.0, ...
2271404,  1208.0,   494.6,   387.0, 32768.0, ...
2271406,  1207.7,   494.2,   387.0, 32768.0, ...
2271408,  1207.4,   493.8,   387.0, 32768.0, ...
2271410,  1207.0,   493.5,   387.0, 32768.0, ...
2271412,  1206.6,   493.5,   386.0, 32768.0, ...
2271414,  1206.3,   493.6,   386.0, 32768.0, ...
2271416,  1206.1,   493.6,   385.0, 32768.0, ...
2271418,  1206.1,   493.5,   385.0, 32768.0, ...
2271420,  1206.1,   493.4,   384.0, 32768.0, ...
2271422,  1206.1,   493.1,   384.0, 32768.0, ...
2271424,  1206.2,   492.7,   384.0, 32768.0, ...
2271426,  1206.3,   492.5,   384.0, 32768.0, ...
2271428,  1206.4,   492.5,   384.0, 32768.0, ...
2271430,  1206.5,   492.6,   384.0, 32768.0, ...
2271432,  1206.6,   492.8,   384.0, 32768.0, ...
2271434,  1206.8,   492.9,   385.0, 32768.0, ...
2271436,  1207.3,   493.2,   385.0, 32768.0, ...
2271438,  1207.8,   493.7,   385.0, 32768.0, ...
2271440,  1208.3,   493.9,   385.0, 32768.0, ...
2271442,  1208.6,   494.0,   385.0, 32768.0, ...
2271444,  1208.8,   494.1,   385.0, 32768.0, ...
2271446,  1208.9,   494.1,   385.0, 32768.0, ...
2271448,  1208.9,   494.1,   385.0, 32768.0, ...
2271450,  1208.5,   494.1,   385.0, 32768.0, ...
2271452,  1208.2,   494.3,   385.0, 32768.0, ...
2271454,  1208.0,   494.6,   385.0, 32768.0, ...
2271456,  1207.9,   494.9,   386.0, 32768.0, ...
2271458,  1208.1,   495.1,   386.0, 32768.0, ...
2271460,  1208.2,   495.5,   386.0, 32768.0, ...
2271462,  1208.2,   495.8,   386.0, 32768.0, ...
2271464,  1208.3,   496.2,   387.0, 32768.0, ...
2271466,  1208.2,   496.4,   387.0, 32768.0, ...
2271468,  1208.0,   496.4,   387.0, 32768.0, ...
2271470,  1207.8,   496.0,   387.0, 32768.0, ...
2271472,  1207.3,   495.6,   387.0, 32768.0, ...
2271474,  1207.0,   494.9,   387.0, 32768.0, ...
2271476,  1206.7,   494.3,   387.0, 32768.0, ...
2271478,  1206.5,   493.7,   387.0, 32768.0, ...
2271480,  1206.2,   493.2,   387.0, 32768.0, ...
2271482,  1206.1,   492.8,   386.0, 32768.0, ...
2271484,  1206.0,   492.9,   386.0, 32768.0, ...
2271486,  1206.0,   492.9,   386.0, 32768.0, ...
2271488,  1206.0,   493.0,   385.0, 32768.0, ...
2271490,  1206.0,   493.0,   385.0, 32768.0, ...
2271492,  1205.9,   492.4,   385.0, 32768.0, ...
2271494,  1205.8,   491.2,   385.0, 32768.0, ...
2271496,  1205.7,   489.8,   384.0, 32768.0, ...
2271498,  1205.6,   488.4,   384.0, 32768.0, ...
2271500,  1205.4,   486.9,   383.0, 32768.0, ...
2271502,  1205.3,   485.6,   383.0, 32768.0, ...
2271504,  1205.1,   484.4,   382.0, 32768.0, ...
2271506,  1205.1,   483.7,   382.0, 32768.0, ...
2271508,  1205.1,   483.2,   381.0, 32768.0, ...
2271510,  1205.2,   483.0,   381.0, 32768.0, ...
2271512,  1205.4,   482.7,   380.0, 32768.0, ...
2271514,  1205.6,   482.6,   380.0, 32768.0, ...
2271516,  1205.8,   482.5,   380.0, 32768.0, ...
2271518,  1206.1,   482.5,   381.0, 32768.0, ...
2271520,  1206.3,   482.8,   381.0, 32768.0, ...
2271522,  1206.6,   483.2,   382.0, 32768.0, ...
2271524,  1206.8,   484.1,   383.0, 32768.0, ...
2271526,  1207.0,   485.5,   383.0, 32768.0, ...
2271528,  1207.4,   487.0,   384.0, 32768.0, ...
2271530,  1207.6,   488.5,   384.0, 32768.0, ...
2271532,  1207.9,   489.9,   384.0, 32768.0, ...
2271534,  1208.1,   491.0,   384.0, 32768.0, ...
2271536,  1208.2,   492.2,   383.0, 32768.0, ...
2271538,  1208.3,   492.8,   383.0, 32768.0, ...
2271540,  1208.2,   492.9,   383.0, 32768.0, ...
2271542,  1207.9,   492.8,   383.0, 32768.0, ...
2271544,  1207.6,   492.6,   383.0, 32768.0, ...
2271546,  1207.3,   492.4,   383.0, 32768.0, ...
2271548,  1207.0,   491.9,   383.0, 32768.0, ...
2271550,  1206.6,   491.4,   383.0, 32768.0, ...
2271552,  1206.3,   491.0,   383.0, 32768.0, ...
2271554,  1206.1,   490.5,   383.0, 32768.0, ...
2271556,  1206.0,   490.2,   383.0, 32768.0, ...
2271558,  1205.9,   489.9,   383.0, 32768.0, ...
2271560,  1205.5,   489.7,   383.0, 32768.0, ...
2271562,  1205.2,   489.8,   382.0, 32768.0, ...
2271564,  1204.9,   489.8,   382.0, 32768.0, ...
2271566,  1204.5,   489.8,   382.0, 32768.0, ...
2271568,  1204.2,   489.9,   382.0, 32768.0, ...
2271570,  1203.8,   490.2,   382.0, 32768.0, ...
2271572,  1203.5,   490.4,   382.0, 32768.0, ...
2271574,  1203.3,   490.6,   381.0, 32768.0, ...
2271576,  1203.0,   490.8,   381.0, 32768.0, ...
2271578,  1202.8,   490.6,   381.0, 32768.0, ...
2271580,  1202.6,   490.0,   381.0, 32768.0, ...
2271582,  1202.3,   489.2,   381.0, 32768.0, ...
2271584,  1202.2,   488.2,   380.0, 32768.0, ...
2271586,  1202.1,   486.7,   379.0, 32768.0, ...
2271588,  1202.3,   485.3,   378.0, 32768.0, ...
2271590,  1202.4,   483.8,   377.0, 32768.0, ...
2271592,  1202.6,   482.6,   376.0, 32768.0, ...
2271594,  1202.7,   481.9,   375.0, 32768.0, ...
2271596,  1202.9,   480.8,   374.0, 32768.0, ...
2271598,  1203.1,   480.0,   373.0, 32768.0, ...
2271600,  1203.3,   479.5,   372.0, 32768.0, ...
2271602,  1203.5,   479.0,   372.0, 32768.0, ...
2271604,  1203.6,   478.6,   372.0, 32768.0, ...
2271606,  1203.7,   478.3,   372.0, 32768.0, ...
2271608,  1203.7,   478.4,   372.0, 32768.0, ...
2271610,  1203.7,   478.8,   372.0, 32768.0, ...
2271612,  1204.2,   479.3,   373.0, 32768.0, ...
2271614,  1204.7,   479.9,   373.0, 32768.0, ...
2271616,  1205.2,   480.4,   374.0, 32768.0, ...
2271618,  1205.8,   480.9,   374.0, 32768.0, ...
2271620,  1206.4,   481.9,   375.0, 32768.0, ...
2271622,  1207.0,   482.7,   375.0, 32768.0, ...
2271624,  1207.4,   483.8,   376.0, 32768.0, ...
2271626,  1207.3,   484.8,   376.0, 32768.0, ...
2271628,  1207.2,   485.8,   375.0, 32768.0, ...
2271630,  1206.9,   486.7,   375.0, 32768.0, ...
2271632,  1206.6,   487.4,   376.0, 32768.0, ...
2271634,  1206.2,   487.6,   376.0, 32768.0, ...
2271636,  1205.9,   487.6,   376.0, 32768.0, ...
2271638,  1205.7,   487.4,   376.0, 32768.0, ...
2271640,  1205.4,   487.2,   376.0, 32768.0, ...
2271642,  1205.2,   487.2,   376.0, 32768.0, ...
2271644,  1205.1,   487.4,   377.0, 32768.0, ...
2271646,  1205.0,   487.7,   377.0, 32768.0, ...
2271648,  1205.0,   489.0,   377.0, 32768.0, ...
2271650,  1204.9,   490.7,   378.0, 32768.0, ...
2271652,  1204.9,   492.5,   378.0, 32768.0, ...
2271654,  1205.0,   494.1,   378.0, 32768.0, ...
2271656,  1205.1,   495.3,   378.0, 32768.0, ...
2271658,  1205.2,   496.3,   379.0, 32768.0, ...
2271660,  1205.2,   497.2,   379.0, 32768.0, ...
2271662,  1205.3,   497.2,   379.0, 32768.0, ...
2271664,  1205.2,   496.7,   379.0, 32768.0, ...
2271666,  1205.0,   496.2,   379.0, 32768.0, ...
2271668,  1204.9,   495.9,   378.0, 32768.0, ...
2271670,  1204.5,   495.9,   378.0, 32768.0, ...
2271672,  1204.2,   496.1,   378.0, 32768.0, ...
2271674,  1203.8,   496.1,   379.0, 32768.0, ...
2271676,  1203.5,   495.5,   379.0, 32768.0, ...
2271678,  1203.2,   494.9,   378.0, 32768.0, ...
2271680,  1202.9,   494.3,   378.0, 32768.0, ...
2271682,  1202.5,   493.7,   378.0, 32768.0, ...
2271684,  1202.4,   493.0,   379.0, 32768.0, ...
2271686,  1202.3,   492.4,   379.0, 32768.0, ...
2271688,  1202.1,   492.0,   379.0, 32768.0, ...
2271690,  1201.9,   492.1,   379.0, 32768.0, ...
2271692,  1201.8,   492.2,   379.0, 32768.0, ...
2271694,  1202.0,   492.4,   379.0, 32768.0, ...
2271696,  1202.2,   492.5,   380.0, 32768.0, ...
2271698,  1202.4,   492.6,   380.0, 32768.0, ...
2271700,  1202.5,   492.7,   380.0, 32768.0, ...
2271702,  1202.6,   492.7,   379.0, 32768.0, ...
2271704,  1202.9,   492.7,   379.0, 32768.0, ...
2271706,  1203.0,   492.5,   379.0, 32768.0, ...
2271708,  1203.0,   492.2,   379.0, 32768.0, ...
2271710,  1202.9,   492.0,   378.0, 32768.0, ...
2271712,  1202.8,   491.8,   378.0, 32768.0, ...
2271714,  1202.7,   491.7,   378.0, 32768.0, ...
2271716,  1202.7,   491.4,   378.0, 32768.0, ...
2271718,  1202.7,   490.9,   378.0, 32768.0, ...
2271720,  1202.8,   490.5,   376.0, 32768.0, ...
2271722,  1202.8,   490.1,   375.0, 32768.0, ...
2271724,  1202.8,   489.6,   375.0, 32768.0, ...
2271726,  1202.9,   489.1,   374.0, 32768.0, ...
2271728,  1203.0,   488.6,   373.0, 32768.0, ...
2271730,  1203.2,   488.4,   373.0, 32768.0, ...
2271732,  1203.5,   488.3,   373.0, 32768.0, ...
2271734,  1203.8,   488.4,   373.0, 32768.0, ...
2271736,  1204.0,   488.5,   374.0, 32768.0, ...
2271738,  1204.3,   488.5,   374.0, 32768.0, ...
2271740,  1204.7,   488.7,   375.0, 32768.0, ...
2271742,  1205.1,   488.9,   375.0, 32768.0, ...
2271744,  1205.7,   489.2,   376.0, 32768.0, ...
2271746,  1206.2,   489.5,   376.0, 32768.0, ...
2271748,  1206.6,   489.9,   376.0, 32768.0, ...
2271750,  1206.7,   490.3,   377.0, 32768.0, ...
2271752,  1206.8,   490.9,   377.0, 32768.0, ...
2271754,  1206.8,   491.3,   377.0, 32768.0, ...
2271756,  1206.7,   491.9,   377.0, 32768.0, ...
2271758,  1206.3,   492.6,   378.0, 32768.0, ...
2271760,  1205.9,   493.6,   378.0, 32768.0, ...
2271762,  1205.5,   494.4,   379.0, 32768.0, ...
2271764,  1205.4,   495.2,   379.0, 32768.0, ...
2271766,  1205.3,   495.9,   379.0, 32768.0, ...
2271768,  1205.1,   496.4,   379.0, 32768.0, ...
2271770,  1205.0,   496.6,   379.0, 32768.0, ...
2271772,  1204.8,   496.6,   379.0, 32768.0, ...
2271774,  1204.6,   496.3,   378.0, 32768.0, ...
2271776,  1204.2,   495.9,   378.0, 32768.0, ...
2271778,  1203.9,   495.6,   377.0, 32768.0, ...
2271780,  1203.7,   494.0,   377.0, 32768.0, ...
2271782,  1204.0,   491.7,   377.0, 32768.0, ...
EFIX L   2270258, 2271782, 1526,  1208.0,   553.3,     408
SSACC L  2271784
2271784,  1204.5,   488.5,   377.0, 32768.0, ...
2271786,  1205.2,   485.4,   377.0, 32768.0, ...
2271788,  1206.0,   479.5,   377.0, 32768.0, ...
2271790,  1207.1,   472.9,   376.0, 32768.0, ...
2271792,  1208.1,   466.0,   375.0, 32768.0, ...
2271794,  1209.0,   460.5,   375.0, 32768.0, ...
2271796,  1209.5,   454.6,   374.0, 32768.0, ...
2271798,  1209.8,   449.6,   374.0, 32768.0, ...
2271800,  1209.9,   444.7,   373.0, 32768.0, ...
2271802,  1209.9,   442.4,   373.0, 32768.0, ...
ESACC L  2271784, 2271802, 20,  1204.5,   488.5,  1209.9,   442.4,    0.87,      59
SFIX L   2271804
2271804,  1210.0,   441.0,   373.0, 32768.0, ...
2271806,  1210.3,   439.9,   373.0, 32768.0, ...
2271808,  1210.7,   438.9,   373.0, 32768.0, ...
2271810,  1211.0,   438.8,   373.0, 32768.0, ...
2271812,  1211.2,   438.8,   373.0, 32768.0, ...
2271814,  1211.4,   438.6,   373.0, 32768.0, ...
2271816,  1211.5,   438.3,   373.0, 32768.0, ...
2271818,  1211.2,   437.8,   373.0, 32768.0, ...
2271820,  1210.7,   437.1,   373.0, 32768.0, ...
2271822,  1210.2,   436.3,   373.0, 32768.0, ...
2271824,  1209.7,   435.7,   373.0, 32768.0, ...
2271826,  1209.4,   435.4,   373.0, 32768.0, ...
2271828,  1209.3,   435.7,   373.0, 32768.0, ...
2271830,  1209.2,   436.0,   373.0, 32768.0, ...
2271832,  1209.4,   436.5,   373.0, 32768.0, ...
2271834,  1209.5,   437.0,   374.0, 32768.0, ...
2271836,  1209.7,   437.5,   374.0, 32768.0, ...
2271838,  1209.8,   437.5,   374.0, 32768.0, ...
2271840,  1209.9,   437.5,   374.0, 32768.0, ...
2271842,  1210.0,   437.0,   374.0, 32768.0, ...
2271844,  1210.2,   436.4,   374.0, 32768.0, ...
2271846,  1210.4,   435.8,   374.0, 32768.0, ...
2271848,  1210.7,   435.3,   374.0, 32768.0, ...
2271850,  1210.9,   434.8,   374.0, 32768.0, ...
2271852,  1211.2,   434.7,   373.0, 32768.0, ...
2271854,  1211.4,   434.7,   373.0, 32768.0, ...
2271856,  1211.5,   434.8,   373.0, 32768.0, ...
2271858,  1210.8,   435.1,   373.0, 32768.0, ...
2271860,  1210.2,   435.5,   372.0, 32768.0, ...
2271862,  1209.7,   435.8,   372.0, 32768.0, ...
2271864,  1209.2,   436.2,   372.0, 32768.0, ...
2271866,  1208.7,   436.5,   372.0, 32768.0, ...
2271868,  1208.4,   436.8,   373.0, 32768.0, ...
2271870,  1208.1,   437.0,   373.0, 32768.0, ...
2271872,  1208.3,   437.1,   373.0, 32768.0, ...
2271874,  1208.4,   437.3,   374.0, 32768.0, ...
2271876,  1208.4,   437.4,   374.0, 32768.0, ...
2271878,  1208.3,   437.5,   374.0, 32768.0, ...
2271880,  1208.2,   437.7,   375.0, 32768.0, ...
2271882,  1208.0,   437.8,   375.0, 32768.0, ...
2271884,  1207.9,   437.6,   375.0, 32768.0, ...
2271886,  1208.0,   437.4,   375.0, 32768.0, ...
2271888,  1208.3,   437.3,   375.0, 32768.0, ...
2271890,  1208.6,   437.2,   375.0, 32768.0, ...
2271892,  1208.8,   437.1,   375.0, 32768.0, ...
2271894,  1209.1,   437.1,   375.0, 32768.0, ...
2271896,  1209.4,   437.0,   375.0, 32768.0, ...
2271898,  1209.6,   437.2,   375.0, 32768.0, ...
2271900,  1209.6,   437.6,   375.0, 32768.0, ...
2271902,  1209.7,   438.1,   375.0, 32768.0, ...
2271904,  1209.7,   438.5,   375.0, 32768.0, ...
2271906,  1209.7,   438.8,   375.0, 32768.0, ...
2271908,  1209.6,   439.1,   375.0, 32768.0, ...
2271910,  1209.6,   439.1,   375.0, 32768.0, ...
2271912,  1209.5,   439.1,   376.0, 32768.0, ...
2271914,  1209.8,   438.7,   376.0, 32768.0, ...
2271916,  1210.1,   438.4,   375.0, 32768.0, ...
2271918,  1210.5,   438.0,   375.0, 32768.0, ...
2271920,  1210.8,   437.8,   375.0, 32768.0, ...
2271922,  1211.2,   437.5,   375.0, 32768.0, ...
2271924,  1211.6,   437.5,   374.0, 32768.0, ...
2271926,  1212.0,   437.6,   374.0, 32768.0, ...
2271928,  1212.1,   437.6,   374.0, 32768.0, ...
2271930,  1212.1,   437.7,   373.0, 32768.0, ...
2271932,  1212.0,   437.7,   373.0, 32768.0, ...
2271934,  1211.8,   437.7,   373.0, 32768.0, ...
2271936,  1211.7,   437.8,   373.0, 32768.0, ...
2271938,  1211.5,   437.9,   373.0, 32768.0, ...
2271940,  1211.2,   438.0,   374.0, 32768.0, ...
2271942,  1210.9,   438.1,   374.0, 32768.0, ...
2271944,  1210.6,   438.0,   374.0, 32768.0, ...
2271946,  1210.4,   437.8,   375.0, 32768.0, ...
2271948,  1210.4,   437.4,   375.0, 32768.0, ...
2271950,  1210.4,   436.8,   374.0, 32768.0, ...
2271952,  1210.5,   436.4,   374.0, 32768.0, ...
2271954,  1210.7,   436.0,   374.0, 32768.0, ...
2271956,  1210.7,   435.5,   373.0, 32768.0, ...
2271958,  1210.9,   435.2,   373.0, 32768.0, ...
2271960,  1211.1,   435.1,   373.0, 32768.0, ...
2271962,  1211.4,   435.1,   372.0, 32768.0, ...
2271964,  1211.6,   435.1,   372.0, 32768.0, ...
2271966,  1211.8,   434.9,   372.0, 32768.0, ...
2271968,  1212.0,   434.6,   372.0, 32768.0, ...
2271970,  1212.1,   434.3,   372.0, 32768.0, ...
2271972,  1212.0,   434.0,   372.0, 32768.0, ...
2271974,  1211.9,   433.7,   372.0, 32768.0, ...
2271976,  1211.7,   433.4,   372.0, 32768.0, ...
2271978,  1211.4,   433.1,   372.0, 32768.0, ...
2271980,  1211.2,   432.9,   372.0, 32768.0, ...
2271982,  1211.1,   432.8,   372.0, 32768.0, ...
2271984,  1211.0,   432.2,   372.0, 32768.0, ...
2271986,  1210.9,   431.9,   372.0, 32768.0, ...
2271988,  1210.8,   431.7,   372.0, 32768.0, ...
2271990,  1210.7,   432.3,   372.0, 32768.0, ...
2271992,  1210.4,   433.0,   373.0, 32768.0, ...
2271994,  1210.2,   433.6,   374.0, 32768.0, ...
2271996,  1210.1,   434.0,   375.0, 32768.0, ...
2271998,  1210.1,   434.9,   375.0, 32768.0, ...
2272000,  1210.3,   435.7,   375.0, 32768.0, ...
2272002,  1210.5,   436.2,   375.0, 32768.0, ...
2272004,  1210.6,   435.9,   375.0, 32768.0, ...
2272006,  1210.9,   435.3,   374.0, 32768.0, ...
2272008,  1211.2,   434.9,   373.0, 32768.0, ...
2272010,  1211.6,   434.7,   372.0, 32768.0, ...
2272012,  1211.9,   434.6,   371.0, 32768.0, ...
2272014,  1212.2,   434.3,   371.0, 32768.0, ...
2272016,  1212.7,   434.2,   371.0, 32768.0, ...
2272018,  1213.2,   434.1,   371.0, 32768.0, ...
2272020,  1213.7,   434.2,   371.0, 32768.0, ...
2272022,  1214.1,   434.4,   371.0, 32768.0, ...
2272024,  1214.4,   434.7,   371.0, 32768.0, ...
2272026,  1214.7,   435.0,   371.0, 32768.0, ...
2272028,  1215.0,   435.4,   372.0, 32768.0, ...
2272030,  1215.1,   435.8,   372.0, 32768.0, ...
2272032,  1215.2,   436.1,   372.0, 32768.0, ...
2272034,  1215.5,   436.6,   372.0, 32768.0, ...
2272036,  1215.6,   436.9,   372.0, 32768.0, ...
2272038,  1215.7,   437.0,   372.0, 32768.0, ...
2272040,  1215.8,   437.1,   373.0, 32768.0, ...
2272042,  1215.9,   437.1,   373.0, 32768.0, ...
2272044,  1215.9,   437.1,   373.0, 32768.0, ...
2272046,  1215.9,   437.0,   374.0, 32768.0, ...
2272048,  1215.8,   436.8,   374.0, 32768.0, ...
2272050,  1215.7,   437.4,   374.0, 32768.0, ...
2272052,  1215.6,   438.2,   374.0, 32768.0, ...
2272054,  1215.6,   438.9,   374.0, 32768.0, ...
2272056,  1215.6,   439.5,   374.0, 32768.0, ...
2272058,  1215.6,   440.0,   374.0, 32768.0, ...
2272060,  1215.6,   440.5,   374.0, 32768.0, ...
2272062,  1215.7,   441.0,   374.0, 32768.0, ...
2272064,  1215.7,   440.5,   374.0, 32768.0, ...
2272066,  1215.7,   439.9,   374.0, 32768.0, ...
2272068,  1215.6,   439.4,   374.0, 32768.0, ...
2272070,  1215.6,   439.0,   374.0, 32768.0, ...
2272072,  1215.5,   438.7,   373.0, 32768.0, ...
2272074,  1215.4,   438.4,   373.0, 32768.0, ...
2272076,  1215.3,   438.2,   373.0, 32768.0, ...
2272078,  1215.2,   438.0,   373.0, 32768.0, ...
2272080,  1215.1,   437.8,   373.0, 32768.0, ...
2272082,  1214.8,   437.3,   373.0, 32768.0, ...
2272084,  1214.6,   436.8,   373.0, 32768.0, ...
2272086,  1214.4,   436.2,   373.0, 32768.0, ...
2272088,  1214.2,   435.5,   373.0, 32768.0, ...
2272090,  1214.0,   434.5,   372.0, 32768.0, ...
2272092,  1213.8,   433.5,   372.0, 32768.0, ...
2272094,  1213.7,   432.7,   371.0, 32768.0, ...
2272096,  1213.7,   432.1,   371.0, 32768.0, ...
2272098,  1213.7,   431.6,   371.0, 32768.0, ...
2272100,  1213.8,   431.1,   370.0, 32768.0, ...
2272102,  1214.0,   430.9,   370.0, 32768.0, ...
2272104,  1214.1,   430.7,   370.0, 32768.0, ...
2272106,  1214.2,   430.8,   370.0, 32768.0, ...
2272108,  1214.2,   430.9,   370.0, 32768.0, ...
2272110,  1214.3,   431.0,   370.0, 32768.0, ...
2272112,  1214.3,   431.1,   370.0, 32768.0, ...
2272114,  1214.2,   431.1,   370.0, 32768.0, ...
2272116,  1214.0,   431.2,   369.0, 32768.0, ...
2272118,  1213.7,   431.4,   369.0, 32768.0, ...
2272120,  1213.5,   431.5,   368.0, 32768.0, ...
2272122,  1213.4,   431.6,   368.0, 32768.0, ...
2272124,  1213.4,   431.7,   368.0, 32768.0, ...
2272126,  1213.6,   431.8,   367.0, 32768.0, ...
2272128,  1213.8,   432.0,   367.0, 32768.0, ...
2272130,  1214.3,   432.1,   368.0, 32768.0, ...
2272132,  1214.9,   432.2,   368.0, 32768.0, ...
2272134,  1215.5,   432.3,   368.0, 32768.0, ...
2272136,  1216.0,   432.4,   368.0, 32768.0, ...
2272138,  1216.0,   432.2,   368.0, 32768.0, ...
2272140,  1215.7,   431.9,   368.0, 32768.0, ...
2272142,  1215.5,   431.6,   368.0, 32768.0, ...
2272144,  1215.0,   431.2,   367.0, 32768.0, ...
2272146,  1214.5,   430.6,   366.0, 32768.0, ...
2272148,  1214.1,   430.0,   366.0, 32768.0, ...
2272150,  1214.0,   429.5,   366.0, 32768.0, ...
2272152,  1214.2,   429.5,   365.0, 32768.0, ...
2272154,  1214.6,   429.5,   365.0, 32768.0, ...
2272156,  1214.8,   429.7,   365.0, 32768.0, ...
2272158,  1215.0,   430.2,   366.0, 32768.0, ...
2272160,  1214.8,   430.9,   366.0, 32768.0, ...
2272162,  1214.5,   431.8,   367.0, 32768.0, ...
2272164,  1213.9,   432.6,   367.0, 32768.0, ...
2272166,  1213.3,   433.2,   367.0, 32768.0, ...
2272168,  1212.7,   433.5,   367.0, 32768.0, ...
2272170,  1212.1,   433.7,   367.0, 32768.0, ...
2272172,  1211.6,   433.6,   367.0, 32768.0, ...
2272174,  1211.5,   433.5,   368.0, 32768.0, ...
2272176,  1211.5,   433.2,   369.0, 32768.0, ...
2272178,  1211.6,   432.9,   369.0, 32768.0, ...
2272180,  1211.7,   432.6,   370.0, 32768.0, ...
2272182,  1211.8,   432.7,   371.0, 32768.0, ...
2272184,  1211.9,   432.7,   372.0, 32768.0, ...
2272186,  1212.1,   432.8,   372.0, 32768.0, ...
2272188,  1212.2,   432.8,   372.0, 32768.0, ...
2272190,  1212.4,   432.8,   372.0, 32768.0, ...
2272192,  1212.6,   432.9,   371.0, 32768.0, ...
2272194,  1212.9,   432.9,   371.0, 32768.0, ...
2272196,  1213.1,   432.9,   370.0, 32768.0, ...
2272198,  1213.4,   432.9,   369.0, 32768.0, ...
2272200,  1213.6,   432.9,   368.0, 32768.0, ...
2272202,  1213.8,   433.0,   368.0, 32768.0, ...
2272204,  1214.2,   433.2,   367.0, 32768.0, ...
2272206,  1214.4,   433.5,   367.0, 32768.0, ...
2272208,  1214.5,   433.7,   367.0, 32768.0, ...
2272210,  1214.6,   434.0,   366.0, 32768.0, ...
2272212,  1214.5,   434.3,   366.0, 32768.0, ...
2272214,  1214.5,   434.6,   365.0, 32768.0, ...
2272216,  1214.5,   435.0,   365.0, 32768.0, ...
2272218,  1214.5,   435.2,   364.0, 32768.0, ...
2272220,  1214.5,   435.3,   364.0, 32768.0, ...
2272222,  1214.6,   435.5,   364.0, 32768.0, ...
2272224,  1214.8,   435.7,   364.0, 32768.0, ...
2272226,  1215.2,   435.8,   365.0, 32768.0, ...
2272228,  1215.7,   435.9,   365.0, 32768.0, ...
2272230,  1216.0,   435.8,   366.0, 32768.0, ...
2272232,  1216.4,   435.8,   367.0, 32768.0, ...
2272234,  1216.7,   435.7,   367.0, 32768.0, ...
2272236,  1216.9,   435.6,   367.0, 32768.0, ...
2272238,  1216.9,   435.7,   367.0, 32768.0, ...
2272240,  1216.8,   436.0,   367.0, 32768.0, ...
2272242,  1216.6,   436.4,   367.0, 32768.0, ...
2272244,  1216.3,   436.7,   367.0, 32768.0, ...
2272246,  1216.0,   436.9,   367.0, 32768.0, ...
2272248,  1215.6,   437.0,   367.0, 32768.0, ...
2272250,  1215.0,   437.0,   367.0, 32768.0, ...
2272252,  1214.4,   435.6,   366.0, 32768.0, ...
2272254,  1213.8,   433.7,   366.0, 32768.0, ...
2272256,  1213.0,   431.9,   365.0, 32768.0, ...
2272258,  1212.3,   428.9,   365.0, 32768.0, ...
2272260,  1211.6,   426.0,   364.0, 32768.0, ...
2272262,  1210.7,   423.1,   364.0, 32768.0, ...
2272264,  1210.0,   420.0,   364.0, 32768.0, ...
2272266,  1209.4,   418.1,   363.0, 32768.0, ...
2272268,  1208.8,   415.3,   363.0, 32768.0, ...
2272270,  1208.5,   412.6,   363.0, 32768.0, ...
2272272,  1208.1,   410.9,   363.0, 32768.0, ...
2272274,  1207.7,   409.3,   363.0, 32768.0, ...
2272276,  1207.4,   407.8,   363.0, 32768.0, ...
2272278,  1207.1,   406.6,   363.0, 32768.0, ...
2272280,  1206.9,   405.4,   363.0, 32768.0, ...
2272282,  1206.7,   405.4,   362.0, 32768.0, ...
2272284,  1206.5,   405.4,   362.0, 32768.0, ...
2272286,  1206.3,   405.5,   362.0, 32768.0, ...
2272288,  1206.2,   405.6,   362.0, 32768.0, ...
2272290,  1206.3,   406.1,   361.0, 32768.0, ...
2272292,  1206.5,   406.5,   361.0, 32768.0, ...
2272294,  1206.7,   407.0,   361.0, 32768.0, ...
2272296,  1206.8,   407.4,   361.0, 32768.0, ...
2272298,  1206.9,   407.9,   362.0, 32768.0, ...
2272300,  1207.2,   408.4,   362.0, 32768.0, ...
2272302,  1207.5,   408.9,   362.0, 32768.0, ...
2272304,  1207.7,   409.4,   363.0, 32768.0, ...
2272306,  1208.1,   409.9,   363.0, 32768.0, ...
2272308,  1208.4,   410.3,   363.0, 32768.0, ...
2272310,  1209.1,   410.6,   364.0, 32768.0, ...
2272312,  1209.7,   410.9,   364.0, 32768.0, ...
2272314,  1210.3,   411.1,   364.0, 32768.0, ...
2272316,  1210.7,   411.2,   364.0, 32768.0, ...
2272318,  1211.2,   410.9,   364.0, 32768.0, ...
2272320,  1211.4,   410.2,   364.0, 32768.0, ...
2272322,  1211.5,   409.5,   364.0, 32768.0, ...
2272324,  1211.1,   408.8,   364.0, 32768.0, ...
2272326,  1210.6,   408.0,   364.0, 32768.0, ...
2272328,  1210.1,   407.2,   364.0, 32768.0, ...
2272330,  1209.6,   406.4,   364.0, 32768.0, ...
2272332,  1209.2,   405.7,   364.0, 32768.0, ...
2272334,  1208.9,   405.7,   364.0, 32768.0, ...
2272336,  1208.6,   405.7,   364.0, 32768.0, ...
2272338,  1208.6,   405.7,   365.0, 32768.0, ...
2272340,  1208.7,   405.9,   365.0, 32768.0, ...
2272342,  1208.8,   406.0,   365.0, 32768.0, ...
2272344,  1208.9,   406.1,   365.0, 32768.0, ...
2272346,  1209.0,   406.2,   365.0, 32768.0, ...
2272348,  1209.2,   406.2,   365.0, 32768.0, ...
2272350,  1209.7,   406.3,   365.0, 32768.0, ...
2272352,  1210.0,   406.6,   365.0, 32768.0, ...
2272354,  1210.4,   406.9,   365.0, 32768.0, ...
2272356,  1210.6,   407.4,   364.0, 32768.0, ...
2272358,  1210.7,   407.9,   364.0, 32768.0, ...
2272360,  1210.8,   408.5,   364.0, 32768.0, ...
2272362,  1210.8,   409.2,   364.0, 32768.0, ...
2272364,  1210.6,   409.7,   364.0, 32768.0, ...
2272366,  1210.3,   410.1,   364.0, 32768.0, ...
2272368,  1210.1,   410.7,   364.0, 32768.0, ...
2272370,  1209.9,   411.0,   365.0, 32768.0, ...
2272372,  1209.8,   411.3,   366.0, 32768.0, ...
2272374,  1209.4,   411.6,   366.0, 32768.0, ...
2272376,  1209.1,   411.7,   367.0, 32768.0, ...
2272378,  1208.8,   411.8,   367.0, 32768.0, ...
2272380,  1208.6,   411.9,   368.0, 32768.0, ...
2272382,  1208.3,   411.8,   368.0, 32768.0, ...
2272384,  1208.1,   411.9,   368.0, 32768.0, ...
2272386,  1207.9,   411.7,   368.0, 32768.0, ...
2272388,  1207.8,   411.2,   367.0, 32768.0, ...
2272390,  1207.7,   409.7,   367.0, 32768.0, ...
2272392,  1207.7,   408.2,   367.0, 32768.0, ...
2272394,  1207.6,   406.7,   366.0, 32768.0, ...
2272396,  1207.6,   405.2,   366.0, 32768.0, ...
2272398,  1207.7,   403.7,   365.0, 32768.0, ...
2272400,  1207.8,   402.4,   365.0, 32768.0, ...
2272402,  1207.9,   401.4,   365.0, 32768.0, ...
2272404,  1208.2,   401.7,   364.0, 32768.0, ...
2272406,  1208.5,   402.0,   364.0, 32768.0, ...
2272408,  1209.0,   402.4,   364.0, 32768.0, ...
2272410,  1209.4,   403.1,   364.0, 32768.0, ...
2272412,  1209.7,   403.9,   364.0, 32768.0, ...
2272414,  1209.9,   404.8,   365.0, 32768.0, ...
2272416,  1210.0,   405.7,   365.0, 32768.0, ...
2272418,  1210.0,   406.4,   366.0, 32768.0, ...
2272420,  1209.9,   407.0,   366.0, 32768.0, ...
2272422,  1209.7,   407.5,   367.0, 32768.0, ...
2272424,  1209.6,   407.5,   367.0, 32768.0, ...
2272426,  1209.4,   407.6,   367.0, 32768.0, ...
2272428,  1209.4,   407.6,   366.0, 32768.0, ...
2272430,  1209.3,   407.6,   366.0, 32768.0, ...
2272432,  1209.3,   407.5,   365.0, 32768.0, ...
2272434,  1209.1,   407.4,   365.0, 32768.0, ...
2272436,  1208.9,   407.5,   365.0, 32768.0, ...
2272438,  1208.8,   407.6,   365.0, 32768.0, ...
2272440,  1208.9,   407.7,   364.0, 32768.0, ...
2272442,  1209.0,   407.8,   364.0, 32768.0, ...
2272444,  1209.4,   408.0,   364.0, 32768.0, ...
2272446,  1210.0,   408.2,   364.0, 32768.0, ...
2272448,  1210.7,   408.4,   364.0, 32768.0, ...
2272450,  1211.2,   408.5,   364.0, 32768.0, ...
2272452,  1211.6,   408.7,   364.0, 32768.0, ...
2272454,  1211.8,   408.8,   364.0, 32768.0, ...
2272456,  1211.9,   408.9,   364.0, 32768.0, ...
2272458,  1211.8,   408.9,   364.0, 32768.0, ...
2272460,  1211.5,   409.0,   364.0, 32768.0, ...
2272462,  1211.3,   409.3,   365.0, 32768.0, ...
2272464,  1211.2,   409.8,   366.0, 32768.0, ...
2272466,  1211.1,   410.3,   366.0, 32768.0, ...
2272468,  1211.1,   410.7,   367.0, 32768.0, ...
2272470,  1211.1,   411.1,   368.0, 32768.0, ...
2272472,  1211.2,   411.5,   368.0, 32768.0, ...
2272474,  1211.2,   411.8,   369.0, 32768.0, ...
2272476,  1211.2,   411.8,   369.0, 32768.0, ...
2272478,  1211.1,   411.5,   369.0, 32768.0, ...
2272480,  1210.7,   410.8,   369.0, 32768.0, ...
2272482,  1210.4,   410.1,   368.0, 32768.0, ...
2272484,  1210.1,   409.4,   368.0, 32768.0, ...
2272486,  1209.8,   408.7,   368.0, 32768.0, ...
2272488,  1209.6,   408.6,   367.0, 32768.0, ...
2272490,  1209.5,   408.8,   367.0, 32768.0, ...
2272492,  1209.4,   409.1,   367.0, 32768.0, ...
2272494,  1209.8,   409.7,   367.0, 32768.0, ...
2272496,  1210.1,   410.2,   367.0, 32768.0, ...
2272498,  1210.6,   410.7,   367.0, 32768.0, ...
2272500,  1211.0,   411.2,   367.0, 32768.0, ...
2272502,  1211.3,   411.2,   367.0, 32768.0, ...
2272504,  1211.4,   411.1,   367.0, 32768.0, ...
2272506,  1211.5,   411.1,   367.0, 32768.0, ...
2272508,  1211.1,   411.2,   367.0, 32768.0, ...
2272510,  1210.6,   411.5,   367.0, 32768.0, ...
2272512,  1210.0,   411.8,   367.0, 32768.0, ...
2272514,  1209.4,   412.2,   367.0, 32768.0, ...
2272516,  1208.9,   412.6,   367.0, 32768.0, ...
2272518,  1208.7,   413.0,   367.0, 32768.0, ...
2272520,  1208.6,   413.2,   367.0, 32768.0, ...
2272522,  1208.7,   413.3,   367.0, 32768.0, ...
2272524,  1209.0,   413.4,   367.0, 32768.0, ...
2272526,  1209.2,   413.2,   367.0, 32768.0, ...
2272528,  1209.5,   412.9,   367.0, 32768.0, ...
2272530,  1209.8,   412.7,   367.0, 32768.0, ...
2272532,  1209.9,   412.5,   367.0, 32768.0, ...
2272534,  1209.8,   413.3,   367.0, 32768.0, ...
2272536,  1209.2,   414.0,   368.0, 32768.0, ...
2272538,  1208.7,   414.8,   368.0, 32768.0, ...
2272540,  1208.1,   415.7,   368.0, 32768.0, ...
2272542,  1207.6,   416.7,   369.0, 32768.0, ...
2272544,  1207.5,   417.5,   370.0, 32768.0, ...
2272546,  1207.5,   418.2,   370.0, 32768.0, ...
2272548,  1207.5,   417.9,   371.0, 32768.0, ...
2272550,  1208.1,   417.7,   371.0, 32768.0, ...
2272552,  1208.6,   417.4,   371.0, 32768.0, ...
2272554,  1209.1,   417.1,   371.0, 32768.0, ...
2272556,  1209.6,   416.7,   371.0, 32768.0, ...
2272558,  1209.6,   416.4,   371.0, 32768.0, ...
2272560,  1209.5,   415.3,   370.0, 32768.0, ...
2272562,  1209.5,   414.2,   370.0, 32768.0, ...
2272564,  1209.2,   412.8,   370.0, 32768.0, ...
2272566,  1209.0,   411.4,   370.0, 32768.0, ...
2272568,  1208.7,   410.0,   370.0, 32768.0, ...
EFIX L   2271804, 2272568, 766,  1211.3,   425.0,     369
SSACC L  2272570
2272570,  1208.5,   407.4,   371.0, 32768.0, ...
2272572,  1208.4,   402.5,   371.0, 32768.0, ...
2272574,  1208.4,   397.4,   371.0, 32768.0, ...
2272576,  1209.6,   390.9,   371.0, 32768.0, ...
2272578,  1211.5,   384.5,   371.0, 32768.0, ...
2272580,  1213.5,   377.1,   371.0, 32768.0, ...
2272582,  1215.5,   369.8,   371.0, 32768.0, ...
2272584,  1217.4,   363.8,   371.0, 32768.0, ...
2272586,  1219.3,   359.7,   371.0, 32768.0, ...
2272588,  1221.2,   356.8,   372.0, 32768.0, ...
2272590,  1221.9,   355.2,   372.0, 32768.0, ...
ESACC L  2272570, 2272590, 22,  1208.5,   407.4,  1221.9,   355.2,    1.01,      66
SFIX L   2272592
2272592,  1222.1,   353.8,   372.0, 32768.0, ...
2272594,  1222.2,   353.3,   373.0, 32768.0, ...
2272596,  1222.3,   352.8,   373.0, 32768.0, ...
2272598,  1222.5,   352.3,   374.0, 32768.0, ...
2272600,  1222.6,   352.1,   374.0, 32768.0, ...
2272602,  1222.6,   351.8,   374.0, 32768.0, ...
2272604,  1222.7,   351.6,   375.0, 32768.0, ...
2272606,  1222.8,   351.4,   375.0, 32768.0, ...
2272608,  1222.9,   351.4,   375.0, 32768.0, ...
2272610,  1222.9,   351.3,   375.0, 32768.0, ...
2272612,  1223.0,   351.2,   375.0, 32768.0, ...
2272614,  1223.0,   351.1,   376.0, 32768.0, ...
2272616,  1223.0,   351.0,   376.0, 32768.0, ...
2272618,  1223.1,   350.9,   375.0, 32768.0, ...
2272620,  1223.0,   350.8,   375.0, 32768.0, ...
2272622,  1223.0,   350.8,   375.0, 32768.0, ...
2272624,  1222.9,   350.6,   375.0, 32768.0, ...
2272626,  1222.9,   350.4,   375.0, 32768.0, ...
2272628,  1222.8,   350.3,   375.0, 32768.0, ...
2272630,  1222.8,   350.2,   375.0, 32768.0, ...
2272632,  1222.7,   350.3,   375.0, 32768.0, ...
2272634,  1222.9,   350.5,   376.0, 32768.0, ...
2272636,  1223.1,   350.8,   376.0, 32768.0, ...
2272638,  1223.3,   351.1,   376.0, 32768.0, ...
2272640,  1223.5,   351.5,   376.0, 32768.0, ...
2272642,  1223.7,   351.9,   377.0, 32768.0, ...
2272644,  1223.9,   352.3,   377.0, 32768.0, ...
2272646,  1224.0,   352.5,   377.0, 32768.0, ...
2272648,  1223.7,   352.4,   377.0, 32768.0, ...
2272650,  1223.4,   352.4,   377.0, 32768.0, ...
2272652,  1223.1,   352.4,   377.0, 32768.0, ...
2272654,  1222.8,   352.3,   377.0, 32768.0, ...
2272656,  1222.5,   352.2,   377.0, 32768.0, ...
2272658,  1222.2,   352.1,   378.0, 32768.0, ...
2272660,  1221.6,   352.1,   378.0, 32768.0, ...
2272662,  1221.4,   352.2,   379.0, 32768.0, ...
2272664,  1221.0,   352.2,   379.0, 32768.0, ...
2272666,  1220.7,   352.6,   379.0, 32768.0, ...
2272668,  1220.4,   352.9,   380.0, 32768.0, ...
2272670,  1220.4,   353.2,   380.0, 32768.0, ...
2272672,  1220.4,   353.4,   380.0, 32768.0, ...
2272674,  1220.7,   353.7,   380.0, 32768.0, ...
2272676,  1221.0,   353.9,   380.0, 32768.0, ...
2272678,  1221.5,   354.1,   380.0, 32768.0, ...
2272680,  1221.8,   353.9,   380.0, 32768.0, ...
2272682,  1221.8,   353.6,   380.0, 32768.0, ...
2272684,  1221.6,   353.4,   380.0, 32768.0, ...
2272686,  1221.1,   353.1,   380.0, 32768.0, ...
2272688,  1220.4,   353.0,   380.0, 32768.0, ...
2272690,  1219.8,   352.9,   380.0, 32768.0, ...
2272692,  1219.2,   353.0,   380.0, 32768.0, ...
2272694,  1218.6,   353.2,   380.0, 32768.0, ...
2272696,  1218.3,   353.6,   381.0, 32768.0, ...
2272698,  1217.9,   354.0,   381.0, 32768.0, ...
2272700,  1217.9,   354.5,   381.0, 32768.0, ...
2272702,  1218.1,   355.0,   380.0, 32768.0, ...
2272704,  1218.2,   355.3,   380.0, 32768.0, ...
2272706,  1218.3,   355.4,   380.0, 32768.0, ...
2272708,  1218.4,   355.5,   379.0, 32768.0, ...
2272710,  1218.5,   355.6,   379.0, 32768.0, ...
2272712,  1218.8,   355.7,   379.0, 32768.0, ...
2272714,  1219.0,   355.7,   379.0, 32768.0, ...
2272716,  1219.0,   355.7,   380.0, 32768.0, ...
2272718,  1219.1,   355.2,   380.0, 32768.0, ...
2272720,  1218.6,   354.8,   381.0, 32768.0, ...
2272722,  1218.2,   354.2,   381.0, 32768.0, ...
2272724,  1217.7,   353.9,   381.0, 32768.0, ...
2272726,  1217.3,   353.5,   382.0, 32768.0, ...
2272728,  1216.8,   353.1,   382.0, 32768.0, ...
2272730,  1216.5,   352.7,   382.0, 32768.0, ...
2272732,  1216.3,   353.0,   382.0, 32768.0, ...
2272734,  1216.6,   353.3,   383.0, 32768.0, ...
2272736,  1216.9,   353.6,   382.0, 32768.0, ...
2272738,  1217.2,   353.7,   382.0, 32768.0, ...
2272740,  1217.5,   354.0,   382.0, 32768.0, ...
2272742,  1218.0,   354.6,   382.0, 32768.0, ...
2272744,  1218.5,   355.1,   382.0, 32768.0, ...
2272746,  1218.9,   355.5,   382.0, 32768.0, ...
2272748,  1219.4,   355.6,   382.0, 32768.0, ...
2272750,  1219.8,   355.5,   382.0, 32768.0, ...
2272752,  1220.2,   355.5,   383.0, 32768.0, ...
2272754,  1220.4,   355.1,   383.0, 32768.0, ...
2272756,  1220.3,   354.5,   384.0, 32768.0, ...
2272758,  1220.1,   354.0,   384.0, 32768.0, ...
2272760,  1219.9,   353.5,   384.0, 32768.0, ...
2272762,  1219.7,   353.3,   384.0, 32768.0, ...
2272764,  1219.5,   353.2,   384.0, 32768.0, ...
2272766,  1219.3,   353.0,   384.0, 32768.0, ...
2272768,  1219.1,   352.7,   384.0, 32768.0, ...
2272770,  1219.1,   352.5,   383.0, 32768.0, ...
2272772,  1219.1,   352.2,   383.0, 32768.0, ...
2272774,  1219.2,   351.9,   382.0, 32768.0, ...
2272776,  1219.3,   351.6,   382.0, 32768.0, ...
2272778,  1219.4,   351.5,   382.0, 32768.0, ...
2272780,  1219.5,   351.8,   381.0, 32768.0, ...
2272782,  1219.6,   352.0,   381.0, 32768.0, ...
2272784,  1220.0,   352.4,   381.0, 32768.0, ...
2272786,  1220.4,   353.0,   381.0, 32768.0, ...
2272788,  1220.5,   354.4,   382.0, 32768.0, ...
2272790,  1220.4,   356.9,   383.0, 32768.0, ...
2272792,  1220.3,   359.2,   384.0, 32768.0, ...
2272794,  1220.0,   362.9,   385.0, 32768.0, ...
2272796,  1219.3,   366.9,   386.0, 32768.0, ...
2272798,  1218.4,   371.5,   387.0, 32768.0, ...
2272800,  1217.4,   376.0,   388.0, 32768.0, ...
2272802,  1216.7,   380.1,   388.0, 32768.0, ...
2272804,  1216.1,   383.1,   388.0, 32768.0, ...
2272806,  1215.5,   386.1,   388.0, 32768.0, ...
2272808,  1215.0,   387.6,   388.0, 32768.0, ...
2272810,  1214.9,   388.6,   388.0, 32768.0, ...
2272812,  1214.8,   388.8,   388.0, 32768.0, ...
2272814,  1214.6,   389.2,   387.0, 32768.0, ...
2272816,  1214.4,   389.2,   387.0, 32768.0, ...
2272818,  1214.2,   389.8,   387.0, 32768.0, ...
2272820,  1214.0,   390.3,   387.0, 32768.0, ...
2272822,  1213.9,   390.9,   387.0, 32768.0, ...
2272824,  1213.8,   391.4,   386.0, 32768.0, ...
2272826,  1213.8,   391.6,   386.0, 32768.0, ...
2272828,  1213.7,   391.3,   386.0, 32768.0, ...
2272830,  1213.7,   390.6,   385.0, 32768.0, ...
2272832,  1213.6,   389.4,   384.0, 32768.0, ...
2272834,  1213.5,   388.2,   383.0, 32768.0, ...
2272836,  1213.5,   387.2,   382.0, 32768.0, ...
2272838,  1213.4,   386.5,   382.0, 32768.0, ...
2272840,  1213.5,   386.8,   381.0, 32768.0, ...
2272842,  1213.6,   387.5,   382.0, 32768.0, ...
2272844,  1213.7,   388.5,   382.0, 32768.0, ...
2272846,  1213.7,   389.4,   383.0, 32768.0, ...
2272848,  1213.7,   390.2,   384.0, 32768.0, ...
2272850,  1213.6,   390.7,   385.0, 32768.0, ...
2272852,  1213.5,   391.0,   385.0, 32768.0, ...
2272854,  1213.3,   390.2,   385.0, 32768.0, ...
2272856,  1213.0,   389.5,   385.0, 32768.0, ...
2272858,  1212.9,   388.8,   385.0, 32768.0, ...
2272860,  1212.8,   388.1,   385.0, 32768.0, ...
2272862,  1212.7,   387.6,   384.0, 32768.0, ...
2272864,  1212.7,   387.3,   384.0, 32768.0, ...
2272866,  1212.8,   387.2,   383.0, 32768.0, ...
2272868,  1213.0,   387.4,   383.0, 32768.0, ...
2272870,  1213.1,   387.6,   382.0, 32768.0, ...
2272872,  1213.3,   387.8,   382.0, 32768.0, ...
2272874,  1213.5,   388.0,   382.0, 32768.0, ...
2272876,  1213.7,   388.3,   382.0, 32768.0, ...
2272878,  1214.0,   388.4,   382.0, 32768.0, ...
2272880,  1214.1,   388.5,   382.0, 32768.0, ...
2272882,  1214.2,   388.6,   382.0, 32768.0, ...
2272884,  1214.2,   388.3,   381.0, 32768.0, ...
2272886,  1214.3,   388.1,   381.0, 32768.0, ...
2272888,  1214.3,   387.9,   381.0, 32768.0, ...
2272890,  1214.2,   387.8,   381.0, 32768.0, ...
2272892,  1214.1,   387.9,   381.0, 32768.0, ...
2272894,  1214.0,   388.1,   381.0, 32768.0, ...
2272896,  1214.0,   388.2,   381.0, 32768.0, ...
2272898,  1214.1,   388.5,   381.0, 32768.0, ...
2272900,  1214.1,   388.7,   381.0, 32768.0, ...
2272902,  1214.2,   388.6,   382.0, 32768.0, ...
2272904,  1214.2,   388.5,   382.0, 32768.0, ...
2272906,  1214.2,   388.2,   382.0, 32768.0, ...
2272908,  1214.1,   388.1,   383.0, 32768.0, ...
2272910,  1214.1,   388.0,   383.0, 32768.0, ...
2272912,  1214.0,   388.2,   383.0, 32768.0, ...
2272914,  1214.0,   388.4,   383.0, 32768.0, ...
2272916,  1213.9,   388.6,   383.0, 32768.0, ...
2272918,  1213.8,   388.2,   383.0, 32768.0, ...
2272920,  1213.7,   387.9,   383.0, 32768.0, ...
2272922,  1213.6,   387.4,   383.0, 32768.0, ...
2272924,  1213.5,   387.2,   383.0, 32768.0, ...
2272926,  1213.3,   386.9,   383.0, 32768.0, ...
2272928,  1213.0,   386.7,   383.0, 32768.0, ...
2272930,  1212.8,   386.6,   383.0, 32768.0, ...
2272932,  1212.6,   386.9,   383.0, 32768.0, ...
2272934,  1212.5,   387.3,   383.0, 32768.0, ...
2272936,  1212.4,   387.8,   384.0, 32768.0, ...
2272938,  1212.3,   387.9,   384.0, 32768.0, ...
2272940,  1212.3,   388.0,   384.0, 32768.0, ...
2272942,  1212.3,   388.2,   384.0, 32768.0, ...
2272944,  1212.2,   388.3,   384.0, 32768.0, ...
2272946,  1212.0,   388.4,   384.0, 32768.0, ...
2272948,  1211.8,   388.4,   384.0, 32768.0, ...
2272950,  1211.6,   388.1,   385.0, 32768.0, ...
2272952,  1211.4,   388.0,   385.0, 32768.0, ...
2272954,  1211.3,   387.9,   385.0, 32768.0, ...
2272956,  1211.2,   387.9,   386.0, 32768.0, ...
2272958,  1211.3,   388.1,   386.0, 32768.0, ...
2272960,  1211.6,   388.8,   386.0, 32768.0, ...
2272962,  1211.9,   389.4,   387.0, 32768.0, ...
2272964,  1212.2,   390.1,   387.0, 32768.0, ...
2272966,  1212.7,   390.6,   387.0, 32768.0, ...
2272968,  1213.2,   390.7,   387.0, 32768.0, ...
2272970,  1213.6,   390.8,   387.0, 32768.0, ...
2272972,  1213.9,   390.6,   386.0, 32768.0, ...
2272974,  1214.0,   390.0,   386.0, 32768.0, ...
2272976,  1214.2,   389.4,   385.0, 32768.0, ...
2272978,  1214.3,   388.8,   385.0, 32768.0, ...
2272980,  1214.3,   388.4,   384.0, 32768.0, ...
2272982,  1214.2,   388.4,   384.0, 32768.0, ...
2272984,  1214.1,   388.3,   385.0, 32768.0, ...
2272986,  1214.0,   388.9,   385.0, 32768.0, ...
2272988,  1213.9,   389.4,   386.0, 32768.0, ...
2272990,  1213.7,   389.7,   386.0, 32768.0, ...
2272992,  1213.6,   389.8,   387.0, 32768.0, ...
2272994,  1213.4,   390.0,   387.0, 32768.0, ...
2272996,  1213.1,   390.1,   387.0, 32768.0, ...
2272998,  1212.5,   390.2,   387.0, 32768.0, ...
2273000,  1211.8,   389.6,   387.0, 32768.0, ...
2273002,  1211.2,   389.2,   387.0, 32768.0, ...
2273004,  1210.7,   389.0,   387.0, 32768.0, ...
2273006,  1210.3,   389.1,   387.0, 32768.0, ...
2273008,  1209.9,   389.2,   387.0, 32768.0, ...
2273010,  1209.6,   389.4,   387.0, 32768.0, ...
2273012,  1209.8,   389.7,   387.0, 32768.0, ...
2273014,  1210.0,   390.2,   387.0, 32768.0, ...
2273016,  1210.2,   390.7,   387.0, 32768.0, ...
2273018,  1210.5,   391.2,   387.0, 32768.0, ...
2273020,  1210.9,   391.6,   387.0, 32768.0, ...
2273022,  1211.4,   392.0,   387.0, 32768.0, ...
2273024,  1211.9,   392.2,   387.0, 32768.0, ...
2273026,  1212.3,   392.1,   387.0, 32768.0, ...
2273028,  1212.7,   391.7,   388.0, 32768.0, ...
2273030,  1213.1,   391.3,   388.0, 32768.0, ...
2273032,  1213.1,   390.8,   388.0, 32768.0, ...
2273034,  1213.1,   390.1,   387.0, 32768.0, ...
2273036,  1212.9,   389.6,   387.0, 32768.0, ...
2273038,  1212.8,   389.1,   387.0, 32768.0, ...
2273040,  1212.6,   388.9,   387.0, 32768.0, ...
2273042,  1212.4,   388.8,   387.0, 32768.0, ...
2273044,  1212.0,   388.6,   387.0, 32768.0, ...
2273046,  1211.6,   388.4,   387.0, 32768.0, ...
2273048,  1211.2,   387.8,   387.0, 32768.0, ...
2273050,  1210.9,   387.1,   387.0, 32768.0, ...
2273052,  1210.5,   386.5,   386.0, 32768.0, ...
2273054,  1210.2,   385.9,   386.0, 32768.0, ...
2273056,  1209.9,   385.2,   386.0, 32768.0, ...
2273058,  1209.8,   384.7,   386.0, 32768.0, ...
2273060,  1209.8,   384.4,   386.0, 32768.0, ...
2273062,  1209.9,   384.7,   386.0, 32768.0, ...
2273064,  1209.9,   385.3,   386.0, 32768.0, ...
2273066,  1209.9,   385.8,   386.0, 32768.0, ...
2273068,  1210.0,   386.4,   386.0, 32768.0, ...
2273070,  1210.1,   387.0,   386.0, 32768.0, ...
2273072,  1210.3,   387.7,   387.0, 32768.0, ...
2273074,  1210.5,   388.8,   387.0, 32768.0, ...
EFIX L   2272592, 2273074, 484,  1216.1,   373.4,     383
SSACC L  2273076
2273076,  1210.6,   391.5,   388.0, 32768.0, ...
2273078,  1211.2,   395.9,   388.0, 32768.0, ...
2273080,  1211.8,   401.1,   389.0, 32768.0, ...
2273082,  1212.6,   408.0,   389.0, 32768.0, ...
2273084,  1213.4,   416.3,   389.0, 32768.0, ...
2273086,  1214.3,   424.4,   389.0, 32768.0, ...
2273088,  1215.1,   432.1,   389.0, 32768.0, ...
2273090,  1215.9,   437.9,   389.0, 32768.0, ...
2273092,  1216.0,   441.9,   389.0, 32768.0, ...
2273094,  1216.1,   445.1,   389.0, 32768.0, ...
2273096,  1215.3,   446.7,   389.0, 32768.0, ...
ESACC L  2273076, 2273096, 22,  1210.6,   391.5,  1215.3,   446.7,    1.04,      72
SFIX L   2273098
2273098,  1214.3,   446.9,   389.0, 32768.0, ...
2273100,  1213.3,   447.1,   390.0, 32768.0, ...
2273102,  1212.1,   447.3,   390.0, 32768.0, ...
2273104,  1210.8,   447.5,   391.0, 32768.0, ...
2273106,  1209.8,   447.8,   391.0, 32768.0, ...
2273108,  1208.9,   448.1,   392.0, 32768.0, ...
2273110,  1208.8,   448.3,   393.0, 32768.0, ...
2273112,  1208.6,   448.5,   393.0, 32768.0, ...
2273114,  1208.4,   448.7,   393.0, 32768.0, ...
2273116,  1208.4,   449.0,   394.0, 32768.0, ...
2273118,  1208.4,   449.3,   394.0, 32768.0, ...
2273120,  1208.5,   449.8,   394.0, 32768.0, ...
2273122,  1208.6,   450.3,   395.0, 32768.0, ...
2273124,  1208.6,   450.7,   395.0, 32768.0, ...
2273126,  1208.8,   450.6,   395.0, 32768.0, ...
2273128,  1208.9,   450.5,   396.0, 32768.0, ...
2273130,  1209.4,   450.4,   395.0, 32768.0, ...
2273132,  1209.9,   450.3,   395.0, 32768.0, ...
2273134,  1210.3,   449.9,   395.0, 32768.0, ...
2273136,  1210.6,   449.5,   394.0, 32768.0, ...
2273138,  1210.9,   449.0,   394.0, 32768.0, ...
2273140,  1211.2,   448.9,   394.0, 32768.0, ...
2273142,  1211.5,   448.8,   394.0, 32768.0, ...
2273144,  1211.6,   448.6,   394.0, 32768.0, ...
2273146,  1211.7,   448.3,   394.0, 32768.0, ...
2273148,  1211.8,   448.0,   394.0, 32768.0, ...
2273150,  1211.9,   448.0,   394.0, 32768.0, ...
2273152,  1212.1,   448.0,   394.0, 32768.0, ...
2273154,  1212.2,   448.5,   395.0, 32768.0, ...
2273156,  1212.3,   449.0,   395.0, 32768.0, ...
2273158,  1212.3,   449.6,   396.0, 32768.0, ...
2273160,  1212.2,   449.7,   396.0, 32768.0, ...
2273162,  1212.0,   449.8,   397.0, 32768.0, ...
2273164,  1211.9,   449.8,   397.0, 32768.0, ...
2273166,  1211.8,   449.7,   398.0, 32768.0, ...
2273168,  1211.8,   449.3,   398.0, 32768.0, ...
2273170,  1211.7,   448.8,   399.0, 32768.0, ...
2273172,  1211.7,   448.4,   399.0, 32768.0, ...
2273174,  1211.8,   448.5,   400.0, 32768.0, ...
2273176,  1211.8,   448.6,   400.0, 32768.0, ...
2273178,  1211.9,   448.7,   400.0, 32768.0, ...
2273180,  1212.1,   448.8,   401.0, 32768.0, ...
2273182,  1212.2,   448.2,   400.0, 32768.0, ...
2273184,  1212.2,   447.6,   400.0, 32768.0, ...
2273186,  1212.2,   447.0,   400.0, 32768.0, ...
2273188,  1212.3,   446.6,   400.0, 32768.0, ...
2273190,  1212.5,   446.3,   400.0, 32768.0, ...
2273192,  1212.6,   446.1,   400.0, 32768.0, ...
2273194,  1212.8,   446.0,   400.0, 32768.0, ...
2273196,  1212.9,   446.6,   400.0, 32768.0, ...
2273198,  1212.6,   447.2,   401.0, 32768.0, ...
2273200,  1212.3,   447.8,   401.0, 32768.0, ...
2273202,  1211.9,   448.3,   401.0, 32768.0, ...
2273204,  1211.3,   448.6,   401.0, 32768.0, ...
2273206,  1210.8,   448.7,   401.0, 32768.0, ...
2273208,  1210.3,   448.7,   401.0, 32768.0, ...
2273210,  1209.9,   448.3,   400.0, 32768.0, ...
2273212,  1210.1,   447.9,   400.0, 32768.0, ...
2273214,  1210.3,   447.6,   399.0, 32768.0, ...
2273216,  1210.6,   447.2,   399.0, 32768.0, ...
2273218,  1210.7,   446.8,   398.0, 32768.0, ...
2273220,  1210.4,   446.4,   398.0, 32768.0, ...
2273222,  1210.0,   446.2,   398.0, 32768.0, ...
2273224,  1209.7,   446.1,   397.0, 32768.0, ...
2273226,  1209.3,   446.2,   397.0, 32768.0, ...
2273228,  1209.1,   446.3,   397.0, 32768.0, ...
2273230,  1208.9,   446.4,   397.0, 32768.0, ...
2273232,  1209.0,   446.5,   397.0, 32768.0, ...
2273234,  1209.7,   446.6,   397.0, 32768.0, ...
2273236,  1210.3,   446.6,   396.0, 32768.0, ...
2273238,  1210.9,   446.8,   396.0, 32768.0, ...
2273240,  1211.4,   446.9,   396.0, 32768.0, ...
2273242,  1211.5,   447.1,   396.0, 32768.0, ...
2273244,  1211.6,   447.8,   396.0, 32768.0, ...
2273246,  1211.7,   448.4,   397.0, 32768.0, ...
2273248,  1211.2,   449.0,   398.0, 32768.0, ...
2273250,  1210.8,   449.2,   398.0, 32768.0, ...
2273252,  1210.4,   449.5,   399.0, 32768.0, ...
2273254,  1210.1,   449.6,   399.0, 32768.0, ...
2273256,  1209.8,   449.8,   399.0, 32768.0, ...
2273258,  1209.6,   449.4,   399.0, 32768.0, ...
2273260,  1209.5,   449.1,   399.0, 32768.0, ...
2273262,  1209.7,   449.0,   399.0, 32768.0, ...
2273264,  1210.0,   449.0,   399.0, 32768.0, ...
2273266,  1210.2,   449.0,   399.0, 32768.0, ...
2273268,  1210.5,   449.1,   400.0, 32768.0, ...
2273270,  1210.7,   449.1,   400.0, 32768.0, ...
2273272,  1210.8,   449.1,   400.0, 32768.0, ...
2273274,  1210.6,   449.0,   400.0, 32768.0, ...
2273276,  1210.2,   448.8,   401.0, 32768.0, ...
2273278,  1209.8,   448.6,   401.0, 32768.0, ...
2273280,  1209.3,   448.3,   401.0, 32768.0, ...
2273282,  1208.8,   448.0,   401.0, 32768.0, ...
2273284,  1208.4,   447.7,   401.0, 32768.0, ...
2273286,  1208.1,   447.4,   401.0, 32768.0, ...
2273288,  1208.1,   447.2,   401.0, 32768.0, ...
2273290,  1208.6,   447.1,   401.0, 32768.0, ...
2273292,  1209.1,   447.3,   402.0, 32768.0, ...
2273294,  1209.7,   447.8,   402.0, 32768.0, ...
2273296,  1210.3,   448.2,   402.0, 32768.0, ...
2273298,  1211.0,   448.7,   402.0, 32768.0, ...
2273300,  1211.6,   449.2,   401.0, 32768.0, ...
2273302,  1212.1,   449.6,   402.0, 32768.0, ...
2273304,  1212.2,   449.9,   402.0, 32768.0, ...
2273306,  1212.3,   450.0,   402.0, 32768.0, ...
2273308,  1212.2,   449.9,   403.0, 32768.0, ...
2273310,  1212.0,   449.7,   403.0, 32768.0, ...
2273312,  1211.7,   449.6,   403.0, 32768.0, ...
2273314,  1211.4,   449.5,   404.0, 32768.0, ...
2273316,  1211.1,   449.4,   404.0, 32768.0, ...
2273318,  1210.8,   449.3,   405.0, 32768.0, ...
2273320,  1210.5,   449.3,   405.0, 32768.0, ...
2273322,  1210.4,   449.2,   405.0, 32768.0, ...
2273324,  1210.2,   449.1,   405.0, 32768.0, ...
2273326,  1210.0,   449.1,   405.0, 32768.0, ...
2273328,  1209.9,   449.3,   405.0, 32768.0, ...
2273330,  1209.8,   449.5,   405.0, 32768.0, ...
2273332,  1209.8,   449.8,   405.0, 32768.0, ...
2273334,  1210.1,   450.3,   406.0, 32768.0, ...
2273336,  1210.4,   450.7,   406.0, 32768.0, ...
2273338,  1210.9,   451.1,   406.0, 32768.0, ...
2273340,  1211.2,   451.3,   406.0, 32768.0, ...
2273342,  1211.5,   451.2,   407.0, 32768.0, ...
2273344,  1211.5,   451.2,   407.0, 32768.0, ...
2273346,  1210.9,   450.8,   407.0, 32768.0, ...
2273348,  1210.1,   450.3,   406.0, 32768.0, ...
2273350,  1209.2,   449.8,   406.0, 32768.0, ...
2273352,  1208.3,   449.3,   406.0, 32768.0, ...
2273354,  1207.5,   449.0,   405.0, 32768.0, ...
2273356,  1206.7,   448.9,   405.0, 32768.0, ...
2273358,  1206.2,   448.8,   405.0, 32768.0, ...
2273360,  1206.1,   449.0,   405.0, 32768.0, ...
2273362,  1206.1,   449.2,   406.0, 32768.0, ...
2273364,  1206.0,   449.3,   406.0, 32768.0, ...
2273366,  1206.0,   449.4,   407.0, 32768.0, ...
2273368,  1206.0,   449.5,   407.0, 32768.0, ...
2273370,  1206.1,   449.5,   407.0, 32768.0, ...
2273372,  1206.1,   449.4,   407.0, 32768.0, ...
2273374,  1206.1,   449.3,   407.0, 32768.0, ...
2273376,  1206.1,   449.2,   407.0, 32768.0, ...
2273378,  1206.1,   449.4,   408.0, 32768.0, ...
2273380,  1206.2,   449.6,   408.0, 32768.0, ...
2273382,  1206.2,   449.7,   407.0, 32768.0, ...
2273384,  1206.2,   449.9,   407.0, 32768.0, ...
2273386,  1206.2,   450.4,   407.0, 32768.0, ...
2273388,  1206.3,   450.8,   407.0, 32768.0, ...
2273390,  1206.3,   451.2,   407.0, 32768.0, ...
2273392,  1206.2,   451.3,   407.0, 32768.0, ...
2273394,  1206.2,   451.1,   406.0, 32768.0, ...
2273396,  1206.3,   450.9,   406.0, 32768.0, ...
2273398,  1206.4,   450.7,   405.0, 32768.0, ...
2273400,  1206.5,   450.2,   405.0, 32768.0, ...
EFIX L   2273098, 2273400, 304,  1210.0,   448.8,     400
SSACC L  2273402
2273402,  1206.6,   449.8,   405.0, 32768.0, ...
2273404,  1206.7,   448.7,   406.0, 32768.0, ...
2273406,  1206.8,   449.8,   406.0, 32768.0, ...
2273408,  1206.7,   453.2,   405.0, 32768.0, ...
2273410,  1206.1,   465.2,   398.0, 32768.0, ...
2273412,  1205.0,   490.3,   377.0, 32768.0, ...
2273414,  1199.5,   534.4,   344.0, 32768.0, ...
2273416,  1194.0,   578.6,   311.0, 32768.0, ...
2273418,  1189.1,   623.3,   276.0, 32768.0, ...
2273420,  1186.6,   650.8,   255.0, 32768.0, ...
2273422,  1183.1,   686.5,   227.0, 32768.0, ...
2273424,  1178.3,   725.0,   195.0, 32768.0, ...
2273426,  1171.0,   758.1,   175.0, 32768.0, ...
2273428,  1171.0,   758.1,   175.0, 32768.0, ...
2273430,  1171.0,   758.1,   175.0, 32768.0, ...
SBLINK L 2273432
2273432,    .,    .,     0.0, 32768.0, ...
2273434,    .,    .,     0.0, 32768.0, ...
2273436,    .,    .,     0.0, 32768.0, ...
2273438,    .,    .,     0.0, 32768.0, ...
2273440,    .,    .,     0.0, 32768.0, ...
2273442,    .,    .,     0.0, 32768.0, ...
2273444,    .,    .,     0.0, 32768.0, ...
2273446,    .,    .,     0.0, 32768.0, ...
2273448,    .,    .,     0.0, 32768.0, ...
2273450,    .,    .,     0.0, 32768.0, ...
2273452,    .,    .,     0.0, 32768.0, ...
2273454,    .,    .,     0.0, 32768.0, ...
2273456,    .,    .,     0.0, 32768.0, ...
2273458,    .,    .,     0.0, 32768.0, ...
2273460,    .,    .,     0.0, 32768.0, ...
2273462,    .,    .,     0.0, 32768.0, ...
2273464,    .,    .,     0.0, 32768.0, ...
2273466,    .,    .,     0.0, 32768.0, ...
2273468,    .,    .,     0.0, 32768.0, ...
2273470,    .,    .,     0.0, 32768.0, ...
2273472,    .,    .,     0.0, 32768.0, ...
2273474,    .,    .,     0.0, 32768.0, ...
2273476,    .,    .,     0.0, 32768.0, ...
2273478,    .,    .,     0.0, 32768.0, ...
2273480,    .,    .,     0.0, 32768.0, ...
2273482,    .,    .,     0.0, 32768.0, ...
2273484,    .,    .,     0.0, 32768.0, ...
2273486,    .,    .,     0.0, 32768.0, ...
2273488,    .,    .,     0.0, 32768.0, ...
2273490,    .,    .,     0.0, 32768.0, ...
2273492,    .,    .,     0.0, 32768.0, ...
2273494,    .,    .,     0.0, 32768.0, ...
2273496,    .,    .,     0.0, 32768.0, ...
2273498,    .,    .,     0.0, 32768.0, ...
2273500,    .,    .,     0.0, 32768.0, ...
2273502,    .,    .,     0.0, 32768.0, ...
2273504,    .,    .,     0.0, 32768.0, ...
2273506,    .,    .,     0.0, 32768.0, ...
2273508,    .,    .,     0.0, 32768.0, ...
2273510,    .,    .,     0.0, 32768.0, ...
2273512,    .,    .,     0.0, 32768.0, ...
2273514,    .,    .,     0.0, 32768.0, ...
2273516,    .,    .,     0.0, 32768.0, ...
2273518,    .,    .,     0.0, 32768.0, ...
2273520,    .,    .,     0.0, 32768.0, ...
2273522,    .,    .,     0.0, 32768.0, ...
2273524,    .,    .,     0.0, 32768.0, ...
EBLINK L 2273432, 2273524, 94
2273526, -1048.1,  1550.8,   116.0, 32768.0, ...
2273528,  -695.2,  1380.2,   121.0, 32768.0, ...
2273530,  -335.8,  1230.8,   130.0, 32768.0, ...
2273532,    44.2,  1089.7,   139.0, 32768.0, ...
2273534,   430.3,   958.4,   154.0, 32768.0, ...
2273536,   822.8,   831.1,   169.0, 32768.0, ...
2273538,  1227.4,   712.6,   187.0, 32768.0, ...
2273540,  1220.3,   679.9,   208.0, 32768.0, ...
2273542,  1212.6,   644.6,   232.0, 32768.0, ...
2273544,  1205.5,   610.7,   256.0, 32768.0, ...
2273546,  1198.7,   574.0,   283.0, 32768.0, ...
2273548,  1194.9,   540.8,   309.0, 32768.0, ...
2273550,  1191.3,   503.0,   337.0, 32768.0, ...
2273552,  1190.2,   469.0,   363.0, 32768.0, ...
2273554,  1189.1,   444.0,   380.0, 32768.0, ...
2273556,  1188.6,   421.3,   395.0, 32768.0, ...
2273558,  1188.8,   402.5,   408.0, 32768.0, ...
2273560,  1189.7,   389.0,   417.0, 32768.0, ...
2273562,  1190.5,   375.4,   425.0, 32768.0, ...
2273564,  1191.1,   368.4,   430.0, 32768.0, ...
2273566,  1191.3,   363.8,   433.0, 32768.0, ...
2273568,  1191.4,   361.6,   435.0, 32768.0, ...
2273570,  1191.5,   360.0,   436.0, 32768.0, ...
2273572,  1191.5,   359.2,   435.0, 32768.0, ...
2273574,  1191.3,   360.8,   435.0, 32768.0, ...
ESACC L  2273402, 2273574, 174,  1206.6,   449.8,  1191.3,   360.8,    1.69,    3270
SFIX L   2273576
2273576,  1191.2,   364.6,   430.0, 32768.0, ...
2273578,  1191.1,   368.5,   424.0, 32768.0, ...
2273580,  1191.0,   374.3,   419.0, 32768.0, ...
2273582,  1190.8,   380.1,   412.0, 32768.0, ...
2273584,  1190.5,   386.0,   405.0, 32768.0, ...
2273586,  1190.3,   392.1,   400.0, 32768.0, ...
2273588,  1190.0,   396.6,   394.0, 32768.0, ...
2273590,  1189.8,   401.2,   391.0, 32768.0, ...
2273592,  1189.6,   405.7,   390.0, 32768.0, ...
2273594,  1189.4,   408.4,   388.0, 32768.0, ...
2273596,  1189.2,   411.1,   388.0, 32768.0, ...
2273598,  1189.0,   413.8,   388.0, 32768.0, ...
2273600,  1188.8,   416.0,   387.0, 32768.0, ...
2273602,  1188.6,   417.8,   387.0, 32768.0, ...
2273604,  1188.4,   417.7,   387.0, 32768.0, ...
2273606,  1188.3,   417.6,   387.0, 32768.0, ...
2273608,  1188.7,   417.5,   387.0, 32768.0, ...
2273610,  1189.2,   417.4,   387.0, 32768.0, ...
2273612,  1189.8,   417.5,   386.0, 32768.0, ...
2273614,  1190.4,   417.5,   386.0, 32768.0, ...
2273616,  1190.9,   417.5,   386.0, 32768.0, ...
2273618,  1191.3,   417.7,   387.0, 32768.0, ...
2273620,  1191.8,   418.0,   387.0, 32768.0, ...
2273622,  1191.6,   418.2,   387.0, 32768.0, ...
2273624,  1191.5,   418.5,   387.0, 32768.0, ...
2273626,  1191.3,   418.7,   387.0, 32768.0, ...
2273628,  1191.1,   418.9,   388.0, 32768.0, ...
2273630,  1190.9,   419.4,   388.0, 32768.0, ...
2273632,  1190.8,   420.1,   388.0, 32768.0, ...
2273634,  1190.8,   420.8,   389.0, 32768.0, ...
2273636,  1191.0,   421.7,   390.0, 32768.0, ...
2273638,  1191.3,   422.6,   390.0, 32768.0, ...
2273640,  1191.6,   423.3,   391.0, 32768.0, ...
2273642,  1191.9,   424.1,   392.0, 32768.0, ...
2273644,  1192.3,   424.8,   392.0, 32768.0, ...
2273646,  1192.6,   425.3,   393.0, 32768.0, ...
2273648,  1192.8,   425.7,   394.0, 32768.0, ...
2273650,  1192.7,   425.9,   394.0, 32768.0, ...
2273652,  1192.6,   426.1,   394.0, 32768.0, ...
2273654,  1192.5,   426.2,   395.0, 32768.0, ...
2273656,  1192.5,   426.5,   395.0, 32768.0, ...
2273658,  1192.6,   426.6,   396.0, 32768.0, ...
2273660,  1192.8,   426.6,   396.0, 32768.0, ...
2273662,  1193.1,   426.6,   397.0, 32768.0, ...
2273664,  1193.5,   426.7,   397.0, 32768.0, ...
2273666,  1193.9,   426.9,   397.0, 32768.0, ...
2273668,  1194.4,   427.1,   398.0, 32768.0, ...
2273670,  1194.8,   427.2,   398.0, 32768.0, ...
2273672,  1195.0,   427.4,   399.0, 32768.0, ...
2273674,  1195.2,   427.6,   400.0, 32768.0, ...
2273676,  1195.1,   427.5,   400.0, 32768.0, ...
2273678,  1195.1,   427.3,   401.0, 32768.0, ...
2273680,  1195.2,   426.8,   401.0, 32768.0, ...
2273682,  1195.3,   426.3,   402.0, 32768.0, ...
2273684,  1195.3,   425.9,   402.0, 32768.0, ...
2273686,  1195.4,   425.5,   403.0, 32768.0, ...
2273688,  1195.6,   425.1,   403.0, 32768.0, ...
2273690,  1195.7,   425.0,   404.0, 32768.0, ...
2273692,  1195.8,   425.1,   404.0, 32768.0, ...
2273694,  1195.8,   425.5,   405.0, 32768.0, ...
2273696,  1195.6,   425.9,   405.0, 32768.0, ...
2273698,  1195.4,   426.2,   405.0, 32768.0, ...
2273700,  1195.3,   426.3,   406.0, 32768.0, ...
2273702,  1195.1,   426.1,   406.0, 32768.0, ...
2273704,  1195.0,   425.9,   406.0, 32768.0, ...
2273706,  1194.9,   425.6,   406.0, 32768.0, ...
2273708,  1194.8,   425.2,   406.0, 32768.0, ...
2273710,  1194.9,   425.0,   407.0, 32768.0, ...
2273712,  1195.0,   425.0,   407.0, 32768.0, ...
2273714,  1195.0,   425.2,   408.0, 32768.0, ...
2273716,  1195.0,   425.7,   409.0, 32768.0, ...
2273718,  1194.7,   426.1,   410.0, 32768.0, ...
2273720,  1194.5,   426.5,   410.0, 32768.0, ...
2273722,  1194.2,   426.8,   411.0, 32768.0, ...
2273724,  1193.8,   426.9,   412.0, 32768.0, ...
2273726,  1193.1,   426.9,   412.0, 32768.0, ...
2273728,  1192.5,   427.0,   412.0, 32768.0, ...
2273730,  1192.0,   427.3,   413.0, 32768.0, ...
2273732,  1191.7,   428.2,   414.0, 32768.0, ...
2273734,  1191.5,   429.1,   414.0, 32768.0, ...
2273736,  1191.9,   430.0,   415.0, 32768.0, ...
2273738,  1192.3,   430.7,   416.0, 32768.0, ...
2273740,  1192.8,   431.1,   416.0, 32768.0, ...
2273742,  1193.4,   431.3,   417.0, 32768.0, ...
2273744,  1194.0,   431.3,   417.0, 32768.0, ...
2273746,  1194.5,   430.6,   417.0, 32768.0, ...
2273748,  1194.8,   429.7,   417.0, 32768.0, ...
2273750,  1194.7,   428.5,   418.0, 32768.0, ...
2273752,  1194.7,   427.4,   418.0, 32768.0, ...
2273754,  1194.8,   426.8,   418.0, 32768.0, ...
2273756,  1194.9,   425.8,   418.0, 32768.0, ...
2273758,  1194.9,   424.5,   419.0, 32768.0, ...
2273760,  1195.6,   422.8,   419.0, 32768.0, ...
2273762,  1196.2,   421.2,   420.0, 32768.0, ...
2273764,  1196.8,   418.4,   420.0, 32768.0, ...
2273766,  1197.5,   414.7,   421.0, 32768.0, ...
2273768,  1198.1,   411.0,   421.0, 32768.0, ...
2273770,  1198.9,   407.6,   421.0, 32768.0, ...
2273772,  1199.9,   404.5,   421.0, 32768.0, ...
2273774,  1200.3,   401.9,   421.0, 32768.0, ...
2273776,  1200.7,   399.3,   421.0, 32768.0, ...
2273778,  1201.1,   398.4,   421.0, 32768.0, ...
2273780,  1201.5,   398.9,   421.0, 32768.0, ...
2273782,  1202.1,   399.6,   422.0, 32768.0, ...
2273784,  1202.5,   400.1,   422.0, 32768.0, ...
2273786,  1202.6,   400.5,   422.0, 32768.0, ...
2273788,  1202.5,   400.4,   422.0, 32768.0, ...
2273790,  1202.4,   400.3,   423.0, 32768.0, ...
2273792,  1202.3,   400.4,   423.0, 32768.0, ...
2273794,  1202.1,   400.0,   423.0, 32768.0, ...
2273796,  1201.5,   399.6,   423.0, 32768.0, ...
2273798,  1201.1,   399.3,   424.0, 32768.0, ...
2273800,  1200.4,   399.2,   424.0, 32768.0, ...
2273802,  1200.0,   399.4,   425.0, 32768.0, ...
2273804,  1199.6,   400.3,   425.0, 32768.0, ...
2273806,  1199.2,   401.1,   425.0, 32768.0, ...
2273808,  1199.0,   401.7,   425.0, 32768.0, ...
2273810,  1198.8,   402.5,   426.0, 32768.0, ...
2273812,  1198.6,   403.3,   426.0, 32768.0, ...
2273814,  1198.6,   404.1,   427.0, 32768.0, ...
2273816,  1198.6,   404.5,   427.0, 32768.0, ...
2273818,  1198.6,   404.4,   427.0, 32768.0, ...
2273820,  1198.6,   404.3,   427.0, 32768.0, ...
2273822,  1198.5,   404.0,   428.0, 32768.0, ...
2273824,  1198.5,   403.6,   428.0, 32768.0, ...
2273826,  1198.4,   402.8,   428.0, 32768.0, ...
2273828,  1199.1,   402.0,   429.0, 32768.0, ...
2273830,  1199.7,   401.6,   429.0, 32768.0, ...
2273832,  1200.4,   401.2,   429.0, 32768.0, ...
2273834,  1201.2,   400.9,   430.0, 32768.0, ...
2273836,  1202.0,   400.9,   430.0, 32768.0, ...
2273838,  1202.7,   401.0,   431.0, 32768.0, ...
2273840,  1203.5,   401.6,   431.0, 32768.0, ...
2273842,  1203.5,   402.0,   431.0, 32768.0, ...
2273844,  1203.5,   402.2,   431.0, 32768.0, ...
2273846,  1203.7,   402.4,   431.0, 32768.0, ...
2273848,  1203.6,   402.6,   431.0, 32768.0, ...
2273850,  1203.5,   402.6,   431.0, 32768.0, ...
2273852,  1203.4,   402.6,   431.0, 32768.0, ...
2273854,  1203.3,   402.4,   431.0, 32768.0, ...
2273856,  1203.2,   402.4,   431.0, 32768.0, ...
2273858,  1203.2,   402.4,   431.0, 32768.0, ...
2273860,  1203.0,   402.2,   431.0, 32768.0, ...
2273862,  1202.9,   402.1,   431.0, 32768.0, ...
2273864,  1202.7,   401.9,   431.0, 32768.0, ...
2273866,  1202.6,   401.7,   431.0, 32768.0, ...
2273868,  1202.4,   401.4,   432.0, 32768.0, ...
2273870,  1202.1,   401.2,   432.0, 32768.0, ...
2273872,  1201.9,   400.9,   433.0, 32768.0, ...
2273874,  1201.9,   400.8,   434.0, 32768.0, ...
2273876,  1202.1,   400.6,   434.0, 32768.0, ...
2273878,  1202.4,   400.4,   435.0, 32768.0, ...
2273880,  1202.6,   400.3,   435.0, 32768.0, ...
2273882,  1203.1,   400.3,   435.0, 32768.0, ...
2273884,  1203.5,   400.3,   435.0, 32768.0, ...
2273886,  1203.8,   400.3,   434.0, 32768.0, ...
2273888,  1204.1,   400.4,   434.0, 32768.0, ...
2273890,  1204.2,   400.4,   434.0, 32768.0, ...
2273892,  1204.2,   400.4,   434.0, 32768.0, ...
2273894,  1204.1,   400.4,   433.0, 32768.0, ...
2273896,  1203.7,   400.3,   433.0, 32768.0, ...
2273898,  1203.3,   400.2,   432.0, 32768.0, ...
2273900,  1202.9,   400.2,   432.0, 32768.0, ...
2273902,  1202.5,   400.3,   431.0, 32768.0, ...
2273904,  1202.0,   400.4,   431.0, 32768.0, ...
2273906,  1201.6,   400.5,   430.0, 32768.0, ...
2273908,  1201.2,   400.6,   430.0, 32768.0, ...
2273910,  1201.1,   400.6,   430.0, 32768.0, ...
2273912,  1201.0,   400.7,   430.0, 32768.0, ...
2273914,  1201.0,   400.7,   431.0, 32768.0, ...
2273916,  1201.0,   400.7,   431.0, 32768.0, ...
2273918,  1201.0,   400.7,   432.0, 32768.0, ...
2273920,  1201.1,   400.6,   432.0, 32768.0, ...
2273922,  1201.1,   400.5,   433.0, 32768.0, ...
2273924,  1201.2,   400.5,   433.0, 32768.0, ...
2273926,  1201.3,   400.3,   433.0, 32768.0, ...
2273928,  1201.3,   400.1,   433.0, 32768.0, ...
2273930,  1201.4,   399.6,   433.0, 32768.0, ...
2273932,  1201.4,   399.2,   432.0, 32768.0, ...
2273934,  1201.4,   398.7,   432.0, 32768.0, ...
2273936,  1201.5,   398.3,   432.0, 32768.0, ...
2273938,  1201.7,   397.9,   431.0, 32768.0, ...
2273940,  1201.9,   397.1,   431.0, 32768.0, ...
2273942,  1202.1,   396.7,   430.0, 32768.0, ...
2273944,  1202.2,   396.5,   430.0, 32768.0, ...
2273946,  1202.3,   396.8,   430.0, 32768.0, ...
2273948,  1202.4,   397.1,   430.0, 32768.0, ...
2273950,  1202.5,   397.5,   430.0, 32768.0, ...
2273952,  1202.4,   397.7,   430.0, 32768.0, ...
2273954,  1202.3,   398.4,   430.0, 32768.0, ...
2273956,  1202.3,   399.0,   431.0, 32768.0, ...
2273958,  1202.4,   399.8,   431.0, 32768.0, ...
2273960,  1202.6,   400.4,   431.0, 32768.0, ...
2273962,  1202.8,   400.9,   431.0, 32768.0, ...
2273964,  1203.1,   401.6,   431.0, 32768.0, ...
2273966,  1203.3,   402.0,   432.0, 32768.0, ...
2273968,  1203.6,   402.4,   432.0, 32768.0, ...
2273970,  1203.7,   402.7,   433.0, 32768.0, ...
2273972,  1203.8,   402.8,   433.0, 32768.0, ...
2273974,  1204.0,   402.5,   433.0, 32768.0, ...
2273976,  1204.3,   402.3,   433.0, 32768.0, ...
2273978,  1204.6,   402.0,   434.0, 32768.0, ...
2273980,  1204.9,   402.0,   433.0, 32768.0, ...
2273982,  1205.3,   402.0,   433.0, 32768.0, ...
2273984,  1205.5,   401.9,   433.0, 32768.0, ...
2273986,  1205.6,   401.8,   433.0, 32768.0, ...
2273988,  1205.5,   401.6,   432.0, 32768.0, ...
2273990,  1205.2,   401.5,   432.0, 32768.0, ...
2273992,  1205.0,   401.4,   432.0, 32768.0, ...
2273994,  1204.8,   401.3,   432.0, 32768.0, ...
2273996,  1204.6,   401.0,   432.0, 32768.0, ...
2273998,  1204.6,   400.7,   432.0, 32768.0, ...
2274000,  1204.7,   400.4,   431.0, 32768.0, ...
2274002,  1204.8,   400.2,   431.0, 32768.0, ...
2274004,  1204.9,   399.9,   431.0, 32768.0, ...
2274006,  1204.8,   399.7,   431.0, 32768.0, ...
2274008,  1204.7,   399.4,   431.0, 32768.0, ...
2274010,  1204.6,   399.3,   430.0, 32768.0, ...
2274012,  1204.4,   399.3,   430.0, 32768.0, ...
2274014,  1204.4,   399.1,   430.0, 32768.0, ...
2274016,  1204.4,   398.9,   430.0, 32768.0, ...
2274018,  1204.5,   398.5,   430.0, 32768.0, ...
2274020,  1204.6,   398.2,   429.0, 32768.0, ...
2274022,  1204.8,   397.8,   429.0, 32768.0, ...
2274024,  1205.0,   397.4,   429.0, 32768.0, ...
2274026,  1205.0,   397.1,   428.0, 32768.0, ...
2274028,  1205.0,   396.8,   428.0, 32768.0, ...
2274030,  1205.0,   396.8,   428.0, 32768.0, ...
2274032,  1204.9,   397.0,   427.0, 32768.0, ...
2274034,  1204.8,   397.3,   427.0, 32768.0, ...
2274036,  1204.5,   398.0,   427.0, 32768.0, ...
2274038,  1204.0,   398.7,   427.0, 32768.0, ...
2274040,  1203.6,   399.4,   427.0, 32768.0, ...
2274042,  1203.2,   400.1,   428.0, 32768.0, ...
2274044,  1202.8,   400.6,   428.0, 32768.0, ...
2274046,  1202.3,   402.0,   428.0, 32768.0, ...
2274048,  1202.0,   403.3,   428.0, 32768.0, ...
2274050,  1201.8,   404.3,   428.0, 32768.0, ...
2274052,  1202.0,   405.3,   428.0, 32768.0, ...
2274054,  1202.3,   406.2,   428.0, 32768.0, ...
2274056,  1202.6,   407.1,   428.0, 32768.0, ...
2274058,  1203.0,   408.0,   427.0, 32768.0, ...
2274060,  1203.4,   407.8,   427.0, 32768.0, ...
2274062,  1203.8,   407.4,   426.0, 32768.0, ...
2274064,  1204.1,   406.3,   426.0, 32768.0, ...
2274066,  1204.4,   405.2,   425.0, 32768.0, ...
2274068,  1204.6,   403.9,   425.0, 32768.0, ...
2274070,  1204.8,   402.2,   425.0, 32768.0, ...
2274072,  1205.4,   400.5,   424.0, 32768.0, ...
2274074,  1206.4,   398.9,   424.0, 32768.0, ...
2274076,  1207.4,   397.4,   424.0, 32768.0, ...
2274078,  1208.4,   396.6,   424.0, 32768.0, ...
2274080,  1209.4,   395.8,   423.0, 32768.0, ...
2274082,  1210.4,   395.3,   423.0, 32768.0, ...
2274084,  1211.4,   394.9,   423.0, 32768.0, ...
2274086,  1212.0,   394.5,   422.0, 32768.0, ...
2274088,  1212.2,   394.2,   422.0, 32768.0, ...
2274090,  1212.3,   393.9,   422.0, 32768.0, ...
2274092,  1212.5,   393.6,   422.0, 32768.0, ...
2274094,  1212.6,   393.3,   423.0, 32768.0, ...
2274096,  1212.6,   393.0,   423.0, 32768.0, ...
2274098,  1212.6,   392.8,   424.0, 32768.0, ...
2274100,  1212.5,   392.3,   425.0, 32768.0, ...
2274102,  1212.3,   391.9,   425.0, 32768.0, ...
2274104,  1212.0,   391.5,   426.0, 32768.0, ...
2274106,  1211.4,   391.1,   427.0, 32768.0, ...
2274108,  1210.7,   390.8,   427.0, 32768.0, ...
2274110,  1210.1,   390.6,   427.0, 32768.0, ...
2274112,  1209.5,   390.5,   427.0, 32768.0, ...
2274114,  1208.9,   390.7,   427.0, 32768.0, ...
2274116,  1208.5,   390.8,   427.0, 32768.0, ...
2274118,  1208.2,   390.6,   427.0, 32768.0, ...
2274120,  1208.2,   390.5,   427.0, 32768.0, ...
2274122,  1208.4,   389.4,   426.0, 32768.0, ...
2274124,  1208.5,   388.3,   426.0, 32768.0, ...
2274126,  1208.7,   387.3,   425.0, 32768.0, ...
2274128,  1208.8,   386.3,   425.0, 32768.0, ...
2274130,  1209.0,   385.2,   424.0, 32768.0, ...
2274132,  1209.3,   384.5,   423.0, 32768.0, ...
2274134,  1209.7,   383.8,   423.0, 32768.0, ...
2274136,  1210.3,   383.9,   423.0, 32768.0, ...
2274138,  1211.0,   383.9,   424.0, 32768.0, ...
2274140,  1211.6,   383.8,   424.0, 32768.0, ...
2274142,  1212.2,   384.0,   424.0, 32768.0, ...
2274144,  1212.7,   384.4,   425.0, 32768.0, ...
2274146,  1212.9,   384.7,   425.0, 32768.0, ...
2274148,  1212.9,   384.9,   425.0, 32768.0, ...
2274150,  1212.6,   385.1,   425.0, 32768.0, ...
2274152,  1212.4,   385.3,   425.0, 32768.0, ...
2274154,  1212.1,   385.5,   425.0, 32768.0, ...
2274156,  1211.8,   385.8,   425.0, 32768.0, ...
2274158,  1211.5,   386.0,   424.0, 32768.0, ...
2274160,  1211.0,   386.2,   424.0, 32768.0, ...
2274162,  1210.5,   386.3,   424.0, 32768.0, ...
2274164,  1210.0,   386.2,   424.0, 32768.0, ...
2274166,  1209.6,   386.1,   424.0, 32768.0, ...
2274168,  1209.5,   385.4,   424.0, 32768.0, ...
2274170,  1209.4,   384.5,   425.0, 32768.0, ...
2274172,  1209.4,   383.7,   425.0, 32768.0, ...
2274174,  1210.1,   383.4,   425.0, 32768.0, ...
2274176,  1210.8,   383.2,   425.0, 32768.0, ...
2274178,  1211.5,   383.3,   426.0, 32768.0, ...
2274180,  1212.1,   383.3,   426.0, 32768.0, ...
2274182,  1212.4,   383.7,   426.0, 32768.0, ...
2274184,  1212.6,   384.0,   425.0, 32768.0, ...
2274186,  1212.7,   384.3,   425.0, 32768.0, ...
2274188,  1212.5,   384.0,   424.0, 32768.0, ...
2274190,  1212.2,   383.7,   423.0, 32768.0, ...
2274192,  1211.6,   383.3,   423.0, 32768.0, ...
2274194,  1211.1,   383.1,   422.0, 32768.0, ...
2274196,  1210.6,   383.1,   422.0, 32768.0, ...
2274198,  1210.1,   383.6,   422.0, 32768.0, ...
2274200,  1209.6,   384.0,   423.0, 32768.0, ...
2274202,  1209.2,   384.5,   423.0, 32768.0, ...
2274204,  1208.8,   384.8,   424.0, 32768.0, ...
2274206,  1208.8,   385.0,   425.0, 32768.0, ...
2274208,  1208.7,   385.0,   425.0, 32768.0, ...
2274210,  1208.7,   384.8,   426.0, 32768.0, ...
2274212,  1208.6,   384.2,   426.0, 32768.0, ...
2274214,  1208.7,   383.5,   425.0, 32768.0, ...
2274216,  1208.9,   382.9,   425.0, 32768.0, ...
2274218,  1209.4,   382.4,   424.0, 32768.0, ...
2274220,  1209.9,   382.1,   423.0, 32768.0, ...
2274222,  1210.3,   381.9,   423.0, 32768.0, ...
2274224,  1210.5,   381.8,   422.0, 32768.0, ...
2274226,  1210.7,   381.7,   423.0, 32768.0, ...
2274228,  1210.8,   381.8,   423.0, 32768.0, ...
2274230,  1210.9,   382.6,   424.0, 32768.0, ...
2274232,  1210.9,   383.7,   424.0, 32768.0, ...
2274234,  1211.0,   384.9,   424.0, 32768.0, ...
2274236,  1211.2,   386.3,   425.0, 32768.0, ...
2274238,  1211.6,   387.6,   426.0, 32768.0, ...
2274240,  1212.0,   389.0,   426.0, 32768.0, ...
2274242,  1212.2,   390.3,   426.0, 32768.0, ...
2274244,  1212.5,   390.8,   427.0, 32768.0, ...
2274246,  1212.5,   390.9,   427.0, 32768.0, ...
2274248,  1211.9,   390.9,   427.0, 32768.0, ...
2274250,  1211.2,   390.7,   427.0, 32768.0, ...
2274252,  1210.7,   390.2,   427.0, 32768.0, ...
2274254,  1210.1,   389.8,   427.0, 32768.0, ...
2274256,  1209.6,   389.3,   427.0, 32768.0, ...
2274258,  1209.4,   388.9,   427.0, 32768.0, ...
2274260,  1209.2,   388.6,   427.0, 32768.0, ...
2274262,  1209.6,   388.5,   427.0, 32768.0, ...
2274264,  1210.0,   388.4,   427.0, 32768.0, ...
2274266,  1210.4,   388.5,   427.0, 32768.0, ...
2274268,  1210.8,   388.6,   427.0, 32768.0, ...
2274270,  1211.2,   388.8,   426.0, 32768.0, ...
2274272,  1211.4,   389.1,   426.0, 32768.0, ...
2274274,  1211.6,   389.3,   427.0, 32768.0, ...
2274276,  1211.6,   389.6,   427.0, 32768.0, ...
2274278,  1211.8,   389.8,   427.0, 32768.0, ...
2274280,  1212.0,   390.0,   428.0, 32768.0, ...
2274282,  1212.1,   390.2,   429.0, 32768.0, ...
2274284,  1212.3,   390.3,   429.0, 32768.0, ...
2274286,  1212.6,   390.3,   430.0, 32768.0, ...
2274288,  1212.7,   390.3,   431.0, 32768.0, ...
2274290,  1212.7,   390.2,   431.0, 32768.0, ...
2274292,  1212.8,   389.8,   431.0, 32768.0, ...
2274294,  1212.8,   389.5,   430.0, 32768.0, ...
2274296,  1212.8,   389.2,   430.0, 32768.0, ...
2274298,  1212.7,   388.3,   429.0, 32768.0, ...
2274300,  1212.4,   386.8,   429.0, 32768.0, ...
EFIX L   2273576, 2274300, 726,  1202.6,   401.9,     421
SSACC L  2274302
2274302,  1212.2,   384.2,   428.0, 32768.0, ...
2274304,  1212.0,   380.2,   427.0, 32768.0, ...
2274306,  1211.7,   374.5,   426.0, 32768.0, ...
2274308,  1211.2,   368.2,   426.0, 32768.0, ...
2274310,  1210.6,   361.3,   425.0, 32768.0, ...
2274312,  1210.1,   355.0,   425.0, 32768.0, ...
2274314,  1209.7,   349.3,   424.0, 32768.0, ...
2274316,  1209.4,   344.9,   424.0, 32768.0, ...
2274318,  1209.1,   341.9,   424.0, 32768.0, ...
2274320,  1209.4,   340.8,   424.0, 32768.0, ...
ESACC L  2274302, 2274320, 20,  1212.2,   384.2,  1209.4,   340.8,    0.81,      59
SFIX L   2274322
2274322,  1210.2,   340.3,   424.0, 32768.0, ...
2274324,  1211.3,   340.2,   424.0, 32768.0, ...
2274326,  1212.4,   340.2,   425.0, 32768.0, ...
2274328,  1213.4,   340.1,   425.0, 32768.0, ...
2274330,  1214.1,   340.0,   424.0, 32768.0, ...
2274332,  1214.8,   339.7,   424.0, 32768.0, ...
2274334,  1214.8,   339.5,   424.0, 32768.0, ...
2274336,  1214.4,   339.1,   424.0, 32768.0, ...
2274338,  1214.0,   338.7,   424.0, 32768.0, ...
2274340,  1213.8,   338.4,   424.0, 32768.0, ...
2274342,  1213.6,   338.2,   424.0, 32768.0, ...
2274344,  1213.7,   338.1,   425.0, 32768.0, ...
2274346,  1213.8,   338.4,   425.0, 32768.0, ...
2274348,  1214.0,   338.8,   426.0, 32768.0, ...
2274350,  1214.1,   339.4,   427.0, 32768.0, ...
2274352,  1214.1,   340.2,   428.0, 32768.0, ...
2274354,  1214.1,   341.2,   428.0, 32768.0, ...
2274356,  1214.0,   342.0,   429.0, 32768.0, ...
2274358,  1213.8,   342.8,   429.0, 32768.0, ...
2274360,  1213.7,   342.8,   429.0, 32768.0, ...
2274362,  1213.7,   342.7,   430.0, 32768.0, ...
2274364,  1213.7,   342.4,   429.0, 32768.0, ...
2274366,  1213.6,   342.1,   429.0, 32768.0, ...
2274368,  1213.5,   341.8,   429.0, 32768.0, ...
2274370,  1213.2,   341.4,   430.0, 32768.0, ...
2274372,  1212.8,   341.0,   430.0, 32768.0, ...
2274374,  1212.4,   340.9,   430.0, 32768.0, ...
2274376,  1212.0,   340.9,   431.0, 32768.0, ...
2274378,  1211.5,   340.8,   431.0, 32768.0, ...
2274380,  1211.2,   340.8,   431.0, 32768.0, ...
2274382,  1210.9,   340.6,   431.0, 32768.0, ...
2274384,  1210.8,   340.4,   431.0, 32768.0, ...
2274386,  1210.7,   340.2,   430.0, 32768.0, ...
2274388,  1210.7,   339.9,   430.0, 32768.0, ...
2274390,  1210.6,   339.7,   429.0, 32768.0, ...
2274392,  1210.5,   339.6,   429.0, 32768.0, ...
2274394,  1210.5,   339.7,   429.0, 32768.0, ...
2274396,  1210.6,   339.8,   430.0, 32768.0, ...
2274398,  1210.7,   340.5,   431.0, 32768.0, ...
2274400,  1211.0,   341.2,   432.0, 32768.0, ...
2274402,  1211.2,   341.9,   433.0, 32768.0, ...
2274404,  1211.5,   342.6,   433.0, 32768.0, ...
2274406,  1211.8,   343.2,   434.0, 32768.0, ...
2274408,  1212.0,   343.7,   435.0, 32768.0, ...
2274410,  1212.2,   344.0,   435.0, 32768.0, ...
2274412,  1212.3,   343.7,   434.0, 32768.0, ...
2274414,  1212.3,   343.3,   434.0, 32768.0, ...
2274416,  1212.2,   342.7,   433.0, 32768.0, ...
2274418,  1212.2,   341.9,   433.0, 32768.0, ...
2274420,  1212.1,   341.1,   432.0, 32768.0, ...
2274422,  1212.1,   339.9,   432.0, 32768.0, ...
2274424,  1212.0,   338.8,   431.0, 32768.0, ...
2274426,  1211.8,   337.7,   431.0, 32768.0, ...
2274428,  1211.7,   336.9,   431.0, 32768.0, ...
2274430,  1211.5,   336.3,   431.0, 32768.0, ...
2274432,  1211.3,   336.3,   431.0, 32768.0, ...
2274434,  1211.3,   336.3,   431.0, 32768.0, ...
2274436,  1211.3,   336.8,   431.0, 32768.0, ...
2274438,  1211.3,   337.3,   431.0, 32768.0, ...
2274440,  1211.5,   338.0,   431.0, 32768.0, ...
2274442,  1211.7,   338.6,   431.0, 32768.0, ...
2274444,  1211.8,   339.1,   431.0, 32768.0, ...
2274446,  1211.8,   339.3,   431.0, 32768.0, ...
2274448,  1211.4,   339.5,   432.0, 32768.0, ...
2274450,  1211.0,   339.9,   432.0, 32768.0, ...
2274452,  1210.5,   340.2,   433.0, 32768.0, ...
2274454,  1210.1,   340.4,   434.0, 32768.0, ...
2274456,  1209.7,   340.7,   434.0, 32768.0, ...
2274458,  1209.5,   340.9,   435.0, 32768.0, ...
2274460,  1209.4,   341.3,   435.0, 32768.0, ...
2274462,  1209.5,   341.7,   435.0, 32768.0, ...
2274464,  1209.7,   341.9,   435.0, 32768.0, ...
2274466,  1209.8,   341.9,   434.0, 32768.0, ...
2274468,  1210.0,   341.9,   434.0, 32768.0, ...
2274470,  1210.0,   341.9,   434.0, 32768.0, ...
2274472,  1209.9,   341.8,   434.0, 32768.0, ...
2274474,  1209.8,   341.4,   433.0, 32768.0, ...
2274476,  1209.8,   341.1,   433.0, 32768.0, ...
2274478,  1209.7,   340.8,   433.0, 32768.0, ...
2274480,  1209.6,   340.5,   433.0, 32768.0, ...
2274482,  1209.6,   340.4,   434.0, 32768.0, ...
2274484,  1209.6,   340.3,   434.0, 32768.0, ...
2274486,  1209.6,   340.2,   434.0, 32768.0, ...
2274488,  1209.7,   340.2,   434.0, 32768.0, ...
2274490,  1209.7,   340.1,   435.0, 32768.0, ...
2274492,  1209.9,   340.2,   435.0, 32768.0, ...
2274494,  1210.1,   340.5,   435.0, 32768.0, ...
2274496,  1210.4,   340.9,   435.0, 32768.0, ...
2274498,  1210.6,   341.4,   435.0, 32768.0, ...
2274500,  1210.8,   341.8,   435.0, 32768.0, ...
2274502,  1211.3,   342.3,   435.0, 32768.0, ...
2274504,  1211.7,   342.8,   435.0, 32768.0, ...
2274506,  1212.0,   343.1,   434.0, 32768.0, ...
2274508,  1212.3,   343.1,   434.0, 32768.0, ...
2274510,  1212.5,   342.6,   434.0, 32768.0, ...
2274512,  1212.8,   342.1,   433.0, 32768.0, ...
2274514,  1212.9,   341.5,   433.0, 32768.0, ...
2274516,  1212.6,   340.8,   433.0, 32768.0, ...
2274518,  1212.2,   340.2,   433.0, 32768.0, ...
2274520,  1211.8,   339.8,   433.0, 32768.0, ...
2274522,  1211.4,   339.3,   434.0, 32768.0, ...
2274524,  1211.0,   339.2,   434.0, 32768.0, ...
2274526,  1210.5,   338.7,   434.0, 32768.0, ...
2274528,  1210.1,   338.3,   434.0, 32768.0, ...
2274530,  1210.0,   337.9,   434.0, 32768.0, ...
2274532,  1209.9,   337.5,   434.0, 32768.0, ...
2274534,  1209.9,   337.1,   434.0, 32768.0, ...
2274536,  1210.0,   336.9,   434.0, 32768.0, ...
2274538,  1210.0,   336.7,   434.0, 32768.0, ...
2274540,  1210.0,   336.7,   434.0, 32768.0, ...
2274542,  1210.0,   336.7,   434.0, 32768.0, ...
2274544,  1210.0,   336.8,   434.0, 32768.0, ...
2274546,  1209.9,   336.8,   434.0, 32768.0, ...
2274548,  1209.7,   336.7,   433.0, 32768.0, ...
2274550,  1209.5,   336.4,   433.0, 32768.0, ...
2274552,  1209.0,   336.2,   433.0, 32768.0, ...
2274554,  1208.6,   336.2,   432.0, 32768.0, ...
2274556,  1208.2,   336.1,   432.0, 32768.0, ...
2274558,  1207.8,   335.9,   432.0, 32768.0, ...
2274560,  1207.4,   335.6,   432.0, 32768.0, ...
2274562,  1206.9,   335.4,   432.0, 32768.0, ...
2274564,  1206.5,   335.2,   432.0, 32768.0, ...
2274566,  1206.4,   335.1,   433.0, 32768.0, ...
2274568,  1206.2,   335.2,   433.0, 32768.0, ...
2274570,  1206.1,   335.3,   433.0, 32768.0, ...
2274572,  1206.0,   335.6,   434.0, 32768.0, ...
2274574,  1205.9,   336.0,   434.0, 32768.0, ...
2274576,  1205.8,   336.4,   434.0, 32768.0, ...
2274578,  1205.7,   336.8,   434.0, 32768.0, ...
2274580,  1205.8,   337.1,   434.0, 32768.0, ...
2274582,  1205.9,   337.1,   434.0, 32768.0, ...
2274584,  1206.2,   337.1,   434.0, 32768.0, ...
2274586,  1206.5,   337.1,   435.0, 32768.0, ...
2274588,  1206.9,   337.0,   435.0, 32768.0, ...
2274590,  1207.3,   336.9,   435.0, 32768.0, ...
2274592,  1207.6,   336.8,   435.0, 32768.0, ...
2274594,  1207.7,   336.7,   435.0, 32768.0, ...
2274596,  1207.8,   336.6,   435.0, 32768.0, ...
2274598,  1207.7,   336.3,   434.0, 32768.0, ...
2274600,  1207.5,   336.0,   434.0, 32768.0, ...
2274602,  1207.4,   335.6,   434.0, 32768.0, ...
2274604,  1207.2,   335.0,   433.0, 32768.0, ...
2274606,  1207.3,   334.5,   433.0, 32768.0, ...
2274608,  1207.5,   334.1,   433.0, 32768.0, ...
2274610,  1207.7,   333.8,   433.0, 32768.0, ...
2274612,  1208.0,   333.7,   433.0, 32768.0, ...
2274614,  1208.5,   333.6,   433.0, 32768.0, ...
2274616,  1209.1,   333.7,   433.0, 32768.0, ...
2274618,  1209.6,   333.9,   433.0, 32768.0, ...
2274620,  1210.0,   334.3,   433.0, 32768.0, ...
2274622,  1210.3,   334.7,   433.0, 32768.0, ...
2274624,  1210.5,   335.0,   434.0, 32768.0, ...
2274626,  1210.5,   335.3,   434.0, 32768.0, ...
2274628,  1210.5,   335.5,   434.0, 32768.0, ...
2274630,  1210.3,   335.6,   434.0, 32768.0, ...
2274632,  1210.1,   335.6,   435.0, 32768.0, ...
2274634,  1209.8,   335.1,   435.0, 32768.0, ...
2274636,  1209.4,   334.6,   436.0, 32768.0, ...
2274638,  1209.2,   334.0,   436.0, 32768.0, ...
2274640,  1208.9,   333.5,   437.0, 32768.0, ...
2274642,  1208.7,   333.0,   437.0, 32768.0, ...
2274644,  1208.5,   333.4,   438.0, 32768.0, ...
2274646,  1208.3,   333.9,   438.0, 32768.0, ...
2274648,  1208.1,   334.9,   438.0, 32768.0, ...
2274650,  1207.8,   335.9,   438.0, 32768.0, ...
2274652,  1207.6,   336.9,   437.0, 32768.0, ...
2274654,  1207.4,   337.9,   437.0, 32768.0, ...
2274656,  1207.1,   338.9,   437.0, 32768.0, ...
2274658,  1206.9,   339.1,   437.0, 32768.0, ...
2274660,  1206.8,   339.3,   437.0, 32768.0, ...
2274662,  1206.7,   339.3,   437.0, 32768.0, ...
2274664,  1206.9,   339.3,   437.0, 32768.0, ...
2274666,  1207.1,   339.2,   437.0, 32768.0, ...
2274668,  1207.2,   339.2,   437.0, 32768.0, ...
2274670,  1207.3,   339.2,   437.0, 32768.0, ...
2274672,  1207.4,   339.1,   437.0, 32768.0, ...
2274674,  1207.4,   338.9,   438.0, 32768.0, ...
2274676,  1207.4,   338.9,   438.0, 32768.0, ...
2274678,  1207.3,   338.8,   438.0, 32768.0, ...
2274680,  1207.2,   338.7,   438.0, 32768.0, ...
2274682,  1207.0,   338.6,   438.0, 32768.0, ...
2274684,  1207.1,   338.2,   438.0, 32768.0, ...
2274686,  1207.3,   337.9,   437.0, 32768.0, ...
2274688,  1207.4,   337.4,   437.0, 32768.0, ...
2274690,  1207.6,   337.0,   436.0, 32768.0, ...
2274692,  1207.7,   336.5,   436.0, 32768.0, ...
2274694,  1207.8,   336.2,   435.0, 32768.0, ...
2274696,  1207.9,   335.8,   435.0, 32768.0, ...
2274698,  1208.0,   335.7,   434.0, 32768.0, ...
2274700,  1207.9,   335.6,   434.0, 32768.0, ...
2274702,  1207.7,   335.6,   434.0, 32768.0, ...
2274704,  1207.5,   335.8,   434.0, 32768.0, ...
2274706,  1207.3,   336.2,   434.0, 32768.0, ...
2274708,  1207.1,   336.4,   434.0, 32768.0, ...
2274710,  1206.9,   336.4,   434.0, 32768.0, ...
2274712,  1206.9,   336.5,   434.0, 32768.0, ...
2274714,  1206.8,   336.8,   435.0, 32768.0, ...
2274716,  1206.7,   337.6,   435.0, 32768.0, ...
2274718,  1206.8,   338.2,   436.0, 32768.0, ...
2274720,  1206.9,   338.5,   436.0, 32768.0, ...
2274722,  1206.9,   338.8,   436.0, 32768.0, ...
2274724,  1207.0,   338.7,   437.0, 32768.0, ...
2274726,  1206.9,   338.6,   437.0, 32768.0, ...
2274728,  1206.8,   338.3,   437.0, 32768.0, ...
2274730,  1206.7,   337.5,   438.0, 32768.0, ...
2274732,  1206.4,   336.7,   438.0, 32768.0, ...
2274734,  1206.0,   336.1,   439.0, 32768.0, ...
2274736,  1205.7,   335.6,   439.0, 32768.0, ...
2274738,  1205.2,   336.0,   439.0, 32768.0, ...
2274740,  1204.6,   336.4,   439.0, 32768.0, ...
2274742,  1204.1,   337.4,   439.0, 32768.0, ...
2274744,  1203.9,   339.1,   439.0, 32768.0, ...
EFIX L   2274322, 2274744, 424,  1209.6,   338.5,     433
SSACC L  2274746
2274746,  1204.2,   342.3,   439.0, 32768.0, ...
2274748,  1205.2,   347.3,   439.0, 32768.0, ...
2274750,  1206.9,   354.1,   439.0, 32768.0, ...
2274752,  1208.7,   361.7,   439.0, 32768.0, ...
2274754,  1210.5,   369.3,   438.0, 32768.0, ...
2274756,  1212.3,   376.7,   438.0, 32768.0, ...
2274758,  1214.1,   383.3,   438.0, 32768.0, ...
2274760,  1215.4,   388.6,   438.0, 32768.0, ...
2274762,  1215.6,   392.0,   438.0, 32768.0, ...
2274764,  1215.2,   393.5,   438.0, 32768.0, ...
ESACC L  2274746, 2274764, 20,  1204.2,   342.3,  1215.2,   393.5,    0.98,      71
SFIX L   2274766
2274766,  1214.6,   394.0,   438.0, 32768.0, ...
2274768,  1214.0,   394.4,   438.0, 32768.0, ...
2274770,  1213.4,   394.5,   438.0, 32768.0, ...
2274772,  1212.8,   394.6,   438.0, 32768.0, ...
2274774,  1212.1,   395.1,   438.0, 32768.0, ...
2274776,  1211.9,   395.6,   437.0, 32768.0, ...
2274778,  1211.8,   396.3,   437.0, 32768.0, ...
2274780,  1211.8,   396.9,   437.0, 32768.0, ...
2274782,  1211.7,   397.4,   437.0, 32768.0, ...
2274784,  1211.7,   398.0,   437.0, 32768.0, ...
2274786,  1211.8,   398.5,   438.0, 32768.0, ...
2274788,  1212.0,   398.6,   438.0, 32768.0, ...
2274790,  1212.1,   398.4,   438.0, 32768.0, ...
2274792,  1212.2,   398.0,   439.0, 32768.0, ...
2274794,  1212.2,   397.0,   438.0, 32768.0, ...
2274796,  1212.3,   396.0,   438.0, 32768.0, ...
2274798,  1212.3,   395.1,   438.0, 32768.0, ...
2274800,  1212.4,   394.1,   437.0, 32768.0, ...
2274802,  1212.3,   393.1,   437.0, 32768.0, ...
2274804,  1212.4,   392.3,   436.0, 32768.0, ...
2274806,  1212.4,   391.7,   436.0, 32768.0, ...
2274808,  1212.6,   392.2,   436.0, 32768.0, ...
2274810,  1212.8,   392.8,   436.0, 32768.0, ...
2274812,  1213.0,   393.3,   436.0, 32768.0, ...
2274814,  1213.1,   393.5,   436.0, 32768.0, ...
2274816,  1213.2,   393.7,   436.0, 32768.0, ...
2274818,  1213.2,   393.8,   436.0, 32768.0, ...
2274820,  1213.2,   393.8,   437.0, 32768.0, ...
2274822,  1213.3,   393.4,   437.0, 32768.0, ...
2274824,  1213.5,   393.3,   437.0, 32768.0, ...
2274826,  1213.6,   393.8,   437.0, 32768.0, ...
2274828,  1213.7,   394.7,   437.0, 32768.0, ...
2274830,  1213.8,   395.6,   437.0, 32768.0, ...
2274832,  1213.8,   396.6,   438.0, 32768.0, ...
2274834,  1213.8,   397.6,   438.0, 32768.0, ...
2274836,  1213.8,   398.5,   439.0, 32768.0, ...
2274838,  1213.5,   399.3,   439.0, 32768.0, ...
2274840,  1213.2,   399.3,   440.0, 32768.0, ...
2274842,  1212.9,   399.3,   440.0, 32768.0, ...
2274844,  1212.9,   399.2,   441.0, 32768.0, ...
2274846,  1213.0,   399.2,   441.0, 32768.0, ...
2274848,  1213.1,   399.1,   440.0, 32768.0, ...
2274850,  1213.4,   399.1,   440.0, 32768.0, ...
2274852,  1213.7,   399.2,   440.0, 32768.0, ...
2274854,  1214.0,   399.4,   440.0, 32768.0, ...
2274856,  1214.2,   399.6,   440.0, 32768.0, ...
2274858,  1214.3,   399.9,   440.0, 32768.0, ...
2274860,  1214.3,   400.1,   440.0, 32768.0, ...
2274862,  1214.2,   400.2,   440.0, 32768.0, ...
2274864,  1214.3,   400.3,   440.0, 32768.0, ...
2274866,  1214.4,   400.3,   440.0, 32768.0, ...
2274868,  1214.5,   400.2,   440.0, 32768.0, ...
2274870,  1214.8,   400.0,   440.0, 32768.0, ...
2274872,  1215.2,   399.7,   440.0, 32768.0, ...
2274874,  1215.6,   399.5,   440.0, 32768.0, ...
2274876,  1216.0,   399.4,   440.0, 32768.0, ...
2274878,  1216.2,   399.3,   441.0, 32768.0, ...
2274880,  1216.5,   399.1,   441.0, 32768.0, ...
2274882,  1216.7,   398.9,   441.0, 32768.0, ...
2274884,  1217.0,   398.7,   442.0, 32768.0, ...
2274886,  1217.1,   398.5,   443.0, 32768.0, ...
2274888,  1217.3,   398.2,   443.0, 32768.0, ...
2274890,  1217.4,   398.0,   444.0, 32768.0, ...
2274892,  1217.5,   397.8,   444.0, 32768.0, ...
2274894,  1217.6,   397.7,   445.0, 32768.0, ...
2274896,  1217.7,   397.5,   445.0, 32768.0, ...
2274898,  1217.8,   397.5,   444.0, 32768.0, ...
2274900,  1217.7,   397.6,   444.0, 32768.0, ...
2274902,  1217.5,   397.7,   443.0, 32768.0, ...
2274904,  1217.3,   397.8,   443.0, 32768.0, ...
2274906,  1217.1,   397.9,   443.0, 32768.0, ...
2274908,  1217.2,   397.9,   442.0, 32768.0, ...
2274910,  1217.3,   397.9,   442.0, 32768.0, ...
2274912,  1217.3,   397.9,   442.0, 32768.0, ...
2274914,  1217.4,   397.7,   442.0, 32768.0, ...
2274916,  1217.5,   397.6,   441.0, 32768.0, ...
2274918,  1217.6,   397.3,   441.0, 32768.0, ...
2274920,  1217.7,   396.9,   441.0, 32768.0, ...
2274922,  1217.5,   396.5,   440.0, 32768.0, ...
2274924,  1217.3,   396.2,   440.0, 32768.0, ...
2274926,  1217.2,   395.7,   440.0, 32768.0, ...
2274928,  1217.1,   395.3,   439.0, 32768.0, ...
2274930,  1216.9,   394.9,   439.0, 32768.0, ...
2274932,  1216.8,   394.8,   439.0, 32768.0, ...
2274934,  1216.7,   394.8,   439.0, 32768.0, ...
2274936,  1216.7,   394.8,   439.0, 32768.0, ...
2274938,  1216.7,   394.8,   438.0, 32768.0, ...
2274940,  1216.7,   395.0,   438.0, 32768.0, ...
2274942,  1216.8,   395.2,   438.0, 32768.0, ...
2274944,  1216.8,   395.3,   438.0, 32768.0, ...
2274946,  1216.8,   395.4,   438.0, 32768.0, ...
2274948,  1216.9,   395.4,   438.0, 32768.0, ...
2274950,  1216.8,   395.4,   438.0, 32768.0, ...
2274952,  1216.5,   395.4,   438.0, 32768.0, ...
2274954,  1216.2,   395.4,   438.0, 32768.0, ...
2274956,  1216.0,   395.4,   438.0, 32768.0, ...
2274958,  1215.8,   395.6,   438.0, 32768.0, ...
2274960,  1215.6,   395.9,   439.0, 32768.0, ...
2274962,  1215.3,   396.4,   439.0, 32768.0, ...
2274964,  1215.1,   396.8,   440.0, 32768.0, ...
2274966,  1215.1,   397.3,   440.0, 32768.0, ...
2274968,  1215.0,   397.8,   441.0, 32768.0, ...
2274970,  1215.0,   398.3,   441.0, 32768.0, ...
2274972,  1215.1,   398.7,   442.0, 32768.0, ...
2274974,  1215.5,   399.0,   442.0, 32768.0, ...
2274976,  1216.1,   399.1,   442.0, 32768.0, ...
2274978,  1216.6,   399.1,   442.0, 32768.0, ...
2274980,  1217.2,   399.2,   442.0, 32768.0, ...
2274982,  1217.7,   399.2,   443.0, 32768.0, ...
2274984,  1218.1,   399.2,   443.0, 32768.0, ...
2274986,  1218.3,   399.4,   444.0, 32768.0, ...
2274988,  1218.0,   399.9,   444.0, 32768.0, ...
2274990,  1217.8,   400.4,   444.0, 32768.0, ...
2274992,  1217.5,   401.0,   445.0, 32768.0, ...
2274994,  1217.3,   401.5,   445.0, 32768.0, ...
2274996,  1217.1,   401.9,   444.0, 32768.0, ...
2274998,  1217.0,   402.2,   444.0, 32768.0, ...
2275000,  1216.9,   401.8,   444.0, 32768.0, ...
2275002,  1216.9,   401.0,   443.0, 32768.0, ...
2275004,  1216.8,   400.2,   443.0, 32768.0, ...
2275006,  1216.6,   399.6,   443.0, 32768.0, ...
2275008,  1216.5,   399.0,   443.0, 32768.0, ...
2275010,  1216.3,   398.8,   443.0, 32768.0, ...
2275012,  1215.9,   399.2,   443.0, 32768.0, ...
2275014,  1215.5,   400.0,   444.0, 32768.0, ...
2275016,  1215.1,   400.8,   444.0, 32768.0, ...
2275018,  1214.7,   401.5,   444.0, 32768.0, ...
2275020,  1214.4,   401.9,   445.0, 32768.0, ...
2275022,  1214.1,   402.1,   445.0, 32768.0, ...
2275024,  1213.8,   401.7,   445.0, 32768.0, ...
2275026,  1213.7,   400.7,   445.0, 32768.0, ...
2275028,  1213.7,   399.7,   445.0, 32768.0, ...
2275030,  1213.7,   398.7,   445.0, 32768.0, ...
2275032,  1213.8,   397.9,   445.0, 32768.0, ...
2275034,  1213.8,   397.2,   445.0, 32768.0, ...
2275036,  1213.9,   396.6,   444.0, 32768.0, ...
2275038,  1214.0,   396.5,   444.0, 32768.0, ...
2275040,  1214.2,   396.3,   443.0, 32768.0, ...
2275042,  1214.3,   396.2,   443.0, 32768.0, ...
2275044,  1214.4,   396.4,   442.0, 32768.0, ...
2275046,  1214.5,   396.8,   442.0, 32768.0, ...
2275048,  1214.7,   397.1,   442.0, 32768.0, ...
2275050,  1214.8,   397.7,   443.0, 32768.0, ...
2275052,  1214.9,   398.3,   443.0, 32768.0, ...
2275054,  1215.3,   398.9,   444.0, 32768.0, ...
2275056,  1215.7,   399.3,   445.0, 32768.0, ...
2275058,  1216.0,   399.2,   445.0, 32768.0, ...
2275060,  1216.2,   399.0,   445.0, 32768.0, ...
2275062,  1216.2,   398.7,   446.0, 32768.0, ...
2275064,  1216.2,   398.2,   446.0, 32768.0, ...
2275066,  1216.2,   397.8,   445.0, 32768.0, ...
2275068,  1215.8,   397.2,   445.0, 32768.0, ...
2275070,  1215.5,   396.8,   444.0, 32768.0, ...
2275072,  1215.3,   396.5,   444.0, 32768.0, ...
2275074,  1215.2,   396.3,   443.0, 32768.0, ...
2275076,  1215.2,   396.0,   443.0, 32768.0, ...
2275078,  1215.3,   395.9,   442.0, 32768.0, ...
2275080,  1215.3,   395.9,   443.0, 32768.0, ...
2275082,  1215.4,   396.1,   443.0, 32768.0, ...
2275084,  1215.4,   396.6,   444.0, 32768.0, ...
2275086,  1215.4,   397.1,   445.0, 32768.0, ...
2275088,  1215.4,   397.5,   446.0, 32768.0, ...
2275090,  1215.3,   397.9,   446.0, 32768.0, ...
2275092,  1215.2,   397.8,   446.0, 32768.0, ...
2275094,  1215.2,   397.1,   446.0, 32768.0, ...
2275096,  1215.4,   396.3,   445.0, 32768.0, ...
2275098,  1215.6,   395.2,   445.0, 32768.0, ...
2275100,  1215.7,   394.3,   445.0, 32768.0, ...
2275102,  1215.8,   393.5,   444.0, 32768.0, ...
2275104,  1216.0,   392.8,   444.0, 32768.0, ...
2275106,  1216.1,   392.6,   444.0, 32768.0, ...
2275108,  1216.1,   393.1,   443.0, 32768.0, ...
2275110,  1216.0,   393.7,   443.0, 32768.0, ...
2275112,  1215.7,   394.6,   443.0, 32768.0, ...
2275114,  1215.5,   395.4,   443.0, 32768.0, ...
2275116,  1215.2,   396.2,   443.0, 32768.0, ...
2275118,  1215.0,   396.9,   444.0, 32768.0, ...
2275120,  1214.7,   397.5,   444.0, 32768.0, ...
2275122,  1214.5,   398.2,   445.0, 32768.0, ...
2275124,  1214.3,   398.6,   445.0, 32768.0, ...
2275126,  1214.2,   398.9,   445.0, 32768.0, ...
2275128,  1214.0,   399.1,   445.0, 32768.0, ...
2275130,  1213.9,   399.0,   445.0, 32768.0, ...
2275132,  1213.7,   398.7,   445.0, 32768.0, ...
2275134,  1213.6,   397.2,   445.0, 32768.0, ...
EFIX L   2274766, 2275134, 370,  1215.1,   397.3,     441
SSACC L  2275136
2275136,  1213.5,   394.0,   444.0, 32768.0, ...
2275138,  1213.5,   389.5,   444.0, 32768.0, ...
2275140,  1213.6,   384.9,   444.0, 32768.0, ...
2275142,  1213.7,   379.4,   444.0, 32768.0, ...
2275144,  1213.9,   373.3,   444.0, 32768.0, ...
2275146,  1214.1,   367.4,   444.0, 32768.0, ...
2275148,  1214.3,   362.4,   444.0, 32768.0, ...
2275150,  1214.7,   358.6,   444.0, 32768.0, ...
2275152,  1215.4,   356.0,   445.0, 32768.0, ...
2275154,  1216.6,   353.4,   445.0, 32768.0, ...
ESACC L  2275136, 2275154, 20,  1213.5,   394.0,  1216.6,   353.4,    0.76,      52
SFIX L   2275156
2275156,  1217.7,   351.5,   446.0, 32768.0, ...
2275158,  1218.7,   350.3,   446.0, 32768.0, ...
2275160,  1219.6,   349.3,   447.0, 32768.0, ...
2275162,  1220.5,   348.4,   448.0, 32768.0, ...
2275164,  1221.2,   348.2,   449.0, 32768.0, ...
2275166,  1221.5,   347.9,   449.0, 32768.0, ...
2275168,  1221.4,   347.9,   449.0, 32768.0, ...
2275170,  1221.3,   347.9,   450.0, 32768.0, ...
2275172,  1220.9,   348.0,   450.0, 32768.0, ...
2275174,  1220.6,   348.1,   450.0, 32768.0, ...
2275176,  1220.4,   348.2,   450.0, 32768.0, ...
2275178,  1220.0,   348.3,   450.0, 32768.0, ...
2275180,  1219.6,   348.3,   450.0, 32768.0, ...
2275182,  1219.0,   348.2,   449.0, 32768.0, ...
2275184,  1218.5,   347.6,   449.0, 32768.0, ...
2275186,  1218.3,   347.0,   449.0, 32768.0, ...
2275188,  1218.2,   346.4,   449.0, 32768.0, ...
2275190,  1218.0,   345.8,   450.0, 32768.0, ...
2275192,  1217.7,   345.2,   450.0, 32768.0, ...
2275194,  1217.1,   344.7,   450.0, 32768.0, ...
2275196,  1216.5,   344.6,   451.0, 32768.0, ...
2275198,  1216.0,   345.0,   451.0, 32768.0, ...
2275200,  1215.4,   345.3,   451.0, 32768.0, ...
2275202,  1214.8,   345.6,   452.0, 32768.0, ...
2275204,  1214.5,   345.8,   452.0, 32768.0, ...
2275206,  1214.4,   345.9,   452.0, 32768.0, ...
2275208,  1214.7,   346.0,   453.0, 32768.0, ...
2275210,  1215.0,   345.6,   453.0, 32768.0, ...
2275212,  1215.2,   345.2,   453.0, 32768.0, ...
2275214,  1215.3,   344.9,   454.0, 32768.0, ...
2275216,  1215.4,   344.6,   454.0, 32768.0, ...
2275218,  1215.3,   344.7,   454.0, 32768.0, ...
2275220,  1215.1,   344.7,   454.0, 32768.0, ...
2275222,  1215.0,   344.8,   454.0, 32768.0, ...
2275224,  1214.9,   345.1,   454.0, 32768.0, ...
2275226,  1214.8,   345.5,   454.0, 32768.0, ...
2275228,  1215.0,   345.9,   454.0, 32768.0, ...
2275230,  1215.1,   346.6,   455.0, 32768.0, ...
2275232,  1215.4,   347.1,   455.0, 32768.0, ...
2275234,  1215.7,   347.7,   456.0, 32768.0, ...
2275236,  1216.1,   348.5,   456.0, 32768.0, ...
2275238,  1216.5,   349.3,   457.0, 32768.0, ...
2275240,  1216.9,   350.0,   457.0, 32768.0, ...
2275242,  1217.1,   350.5,   457.0, 32768.0, ...
2275244,  1217.3,   350.9,   457.0, 32768.0, ...
2275246,  1217.5,   351.2,   457.0, 32768.0, ...
2275248,  1217.7,   351.4,   457.0, 32768.0, ...
2275250,  1217.6,   351.5,   456.0, 32768.0, ...
2275252,  1217.6,   351.6,   456.0, 32768.0, ...
2275254,  1217.5,   351.7,   455.0, 32768.0, ...
2275256,  1217.4,   351.7,   455.0, 32768.0, ...
2275258,  1216.9,   351.9,   455.0, 32768.0, ...
2275260,  1216.4,   352.0,   454.0, 32768.0, ...
2275262,  1215.9,   352.0,   455.0, 32768.0, ...
2275264,  1215.2,   352.1,   455.0, 32768.0, ...
2275266,  1214.5,   352.0,   455.0, 32768.0, ...
2275268,  1213.9,   352.0,   455.0, 32768.0, ...
2275270,  1213.3,   351.8,   455.0, 32768.0, ...
2275272,  1213.0,   351.6,   456.0, 32768.0, ...
2275274,  1212.7,   351.2,   456.0, 32768.0, ...
2275276,  1212.4,   350.4,   456.0, 32768.0, ...
2275278,  1212.4,   349.4,   456.0, 32768.0, ...
2275280,  1212.4,   348.3,   456.0, 32768.0, ...
2275282,  1212.4,   347.2,   456.0, 32768.0, ...
2275284,  1212.5,   346.5,   456.0, 32768.0, ...
2275286,  1212.6,   345.7,   456.0, 32768.0, ...
2275288,  1212.6,   345.0,   457.0, 32768.0, ...
2275290,  1212.5,   344.8,   457.0, 32768.0, ...
2275292,  1212.3,   344.8,   458.0, 32768.0, ...
2275294,  1212.1,   345.3,   459.0, 32768.0, ...
2275296,  1211.9,   345.8,   459.0, 32768.0, ...
2275298,  1211.7,   346.4,   460.0, 32768.0, ...
2275300,  1211.8,   346.9,   460.0, 32768.0, ...
2275302,  1211.9,   347.4,   461.0, 32768.0, ...
2275304,  1212.2,   347.9,   461.0, 32768.0, ...
2275306,  1212.7,   348.4,   461.0, 32768.0, ...
2275308,  1213.1,   348.5,   461.0, 32768.0, ...
2275310,  1213.5,   348.9,   461.0, 32768.0, ...
2275312,  1213.7,   349.7,   461.0, 32768.0, ...
2275314,  1213.8,   350.5,   462.0, 32768.0, ...
2275316,  1213.9,   351.2,   462.0, 32768.0, ...
2275318,  1214.0,   351.8,   462.0, 32768.0, ...
2275320,  1214.2,   352.3,   462.0, 32768.0, ...
2275322,  1214.4,   352.8,   462.0, 32768.0, ...
2275324,  1214.6,   352.8,   462.0, 32768.0, ...
2275326,  1214.9,   352.3,   462.0, 32768.0, ...
2275328,  1215.1,   351.9,   462.0, 32768.0, ...
2275330,  1215.2,   351.4,   462.0, 32768.0, ...
2275332,  1215.4,   351.5,   462.0, 32768.0, ...
2275334,  1215.3,   351.5,   462.0, 32768.0, ...
2275336,  1215.2,   351.7,   462.0, 32768.0, ...
2275338,  1215.2,   351.8,   462.0, 32768.0, ...
2275340,  1215.1,   352.2,   463.0, 32768.0, ...
2275342,  1215.1,   352.5,   463.0, 32768.0, ...
2275344,  1215.1,   352.7,   463.0, 32768.0, ...
2275346,  1215.1,   352.4,   463.0, 32768.0, ...
2275348,  1215.1,   352.0,   463.0, 32768.0, ...
2275350,  1215.1,   351.6,   462.0, 32768.0, ...
2275352,  1215.1,   351.1,   462.0, 32768.0, ...
2275354,  1215.1,   350.6,   462.0, 32768.0, ...
2275356,  1215.1,   350.3,   461.0, 32768.0, ...
2275358,  1215.0,   350.1,   461.0, 32768.0, ...
2275360,  1214.9,   350.0,   461.0, 32768.0, ...
2275362,  1214.6,   350.0,   461.0, 32768.0, ...
2275364,  1214.3,   349.9,   461.0, 32768.0, ...
2275366,  1214.0,   349.9,   462.0, 32768.0, ...
2275368,  1213.7,   350.1,   462.0, 32768.0, ...
2275370,  1213.4,   350.2,   462.0, 32768.0, ...
2275372,  1213.2,   350.2,   463.0, 32768.0, ...
2275374,  1213.0,   350.3,   463.0, 32768.0, ...
2275376,  1213.0,   350.4,   463.0, 32768.0, ...
2275378,  1213.0,   350.5,   463.0, 32768.0, ...
2275380,  1212.9,   350.8,   463.0, 32768.0, ...
2275382,  1212.9,   350.9,   463.0, 32768.0, ...
2275384,  1212.7,   350.9,   464.0, 32768.0, ...
2275386,  1212.6,   350.6,   464.0, 32768.0, ...
2275388,  1212.5,   348.1,   464.0, 32768.0, ...
2275390,  1212.3,   345.4,   464.0, 32768.0, ...
2275392,  1212.1,   341.6,   464.0, 32768.0, ...
2275394,  1211.9,   337.4,   464.0, 32768.0, ...
2275396,  1211.6,   331.9,   464.0, 32768.0, ...
2275398,  1211.4,   326.6,   464.0, 32768.0, ...
2275400,  1211.2,   321.5,   464.0, 32768.0, ...
2275402,  1210.9,   319.5,   464.0, 32768.0, ...
2275404,  1210.7,   317.6,   464.0, 32768.0, ...
2275406,  1210.6,   316.6,   465.0, 32768.0, ...
2275408,  1210.4,   315.9,   465.0, 32768.0, ...
2275410,  1210.3,   316.3,   466.0, 32768.0, ...
2275412,  1210.3,   316.6,   466.0, 32768.0, ...
2275414,  1210.3,   316.8,   467.0, 32768.0, ...
2275416,  1210.3,   316.3,   467.0, 32768.0, ...
2275418,  1210.3,   315.8,   467.0, 32768.0, ...
2275420,  1210.4,   315.4,   467.0, 32768.0, ...
2275422,  1210.6,   315.0,   468.0, 32768.0, ...
2275424,  1211.0,   314.8,   468.0, 32768.0, ...
2275426,  1211.3,   315.1,   468.0, 32768.0, ...
2275428,  1211.9,   315.4,   469.0, 32768.0, ...
2275430,  1212.3,   315.7,   469.0, 32768.0, ...
2275432,  1212.7,   316.1,   469.0, 32768.0, ...
2275434,  1213.1,   316.5,   469.0, 32768.0, ...
2275436,  1213.2,   317.0,   469.0, 32768.0, ...
2275438,  1213.2,   317.5,   469.0, 32768.0, ...
2275440,  1213.2,   317.8,   469.0, 32768.0, ...
2275442,  1213.1,   318.3,   469.0, 32768.0, ...
2275444,  1213.0,   318.6,   469.0, 32768.0, ...
2275446,  1212.9,   318.8,   468.0, 32768.0, ...
2275448,  1212.9,   318.9,   468.0, 32768.0, ...
2275450,  1213.0,   319.0,   467.0, 32768.0, ...
2275452,  1213.1,   318.9,   467.0, 32768.0, ...
2275454,  1213.0,   318.8,   467.0, 32768.0, ...
2275456,  1212.7,   318.5,   467.0, 32768.0, ...
2275458,  1212.5,   318.9,   467.0, 32768.0, ...
2275460,  1212.2,   319.5,   468.0, 32768.0, ...
2275462,  1211.9,   320.1,   469.0, 32768.0, ...
2275464,  1211.6,   320.6,   470.0, 32768.0, ...
2275466,  1211.3,   320.9,   470.0, 32768.0, ...
2275468,  1211.0,   321.2,   471.0, 32768.0, ...
2275470,  1210.9,   321.5,   471.0, 32768.0, ...
2275472,  1211.0,   321.1,   471.0, 32768.0, ...
2275474,  1211.0,   320.7,   471.0, 32768.0, ...
2275476,  1211.0,   320.0,   470.0, 32768.0, ...
2275478,  1211.1,   319.2,   470.0, 32768.0, ...
2275480,  1211.3,   318.6,   469.0, 32768.0, ...
2275482,  1211.5,   318.3,   468.0, 32768.0, ...
2275484,  1211.8,   318.0,   468.0, 32768.0, ...
2275486,  1212.0,   317.7,   467.0, 32768.0, ...
2275488,  1212.1,   317.3,   466.0, 32768.0, ...
2275490,  1212.3,   317.0,   466.0, 32768.0, ...
2275492,  1212.5,   316.6,   465.0, 32768.0, ...
2275494,  1212.6,   316.2,   465.0, 32768.0, ...
2275496,  1212.6,   315.6,   465.0, 32768.0, ...
2275498,  1212.7,   315.0,   465.0, 32768.0, ...
2275500,  1212.8,   314.5,   464.0, 32768.0, ...
2275502,  1212.9,   314.0,   464.0, 32768.0, ...
2275504,  1212.6,   314.0,   464.0, 32768.0, ...
2275506,  1212.2,   314.2,   464.0, 32768.0, ...
2275508,  1211.9,   314.4,   464.0, 32768.0, ...
2275510,  1211.5,   314.5,   464.0, 32768.0, ...
2275512,  1211.0,   314.4,   464.0, 32768.0, ...
2275514,  1210.4,   314.3,   464.0, 32768.0, ...
2275516,  1209.9,   314.2,   464.0, 32768.0, ...
2275518,  1209.7,   314.1,   465.0, 32768.0, ...
2275520,  1209.7,   313.8,   465.0, 32768.0, ...
2275522,  1209.8,   313.6,   465.0, 32768.0, ...
2275524,  1209.9,   313.4,   465.0, 32768.0, ...
2275526,  1210.1,   313.5,   465.0, 32768.0, ...
2275528,  1210.6,   313.6,   464.0, 32768.0, ...
2275530,  1211.0,   313.8,   464.0, 32768.0, ...
2275532,  1211.4,   313.8,   464.0, 32768.0, ...
2275534,  1211.8,   313.7,   464.0, 32768.0, ...
2275536,  1212.1,   313.6,   464.0, 32768.0, ...
2275538,  1212.5,   313.4,   464.0, 32768.0, ...
2275540,  1212.7,   313.2,   464.0, 32768.0, ...
2275542,  1212.9,   312.8,   464.0, 32768.0, ...
2275544,  1213.0,   312.4,   463.0, 32768.0, ...
2275546,  1213.2,   312.1,   463.0, 32768.0, ...
2275548,  1213.2,   311.9,   463.0, 32768.0, ...
2275550,  1213.4,   311.8,   463.0, 32768.0, ...
2275552,  1213.5,   311.7,   463.0, 32768.0, ...
2275554,  1213.7,   311.6,   463.0, 32768.0, ...
2275556,  1213.9,   311.6,   463.0, 32768.0, ...
2275558,  1214.1,   311.6,   463.0, 32768.0, ...
2275560,  1214.5,   311.6,   464.0, 32768.0, ...
2275562,  1214.8,   311.7,   464.0, 32768.0, ...
2275564,  1215.0,   311.9,   464.0, 32768.0, ...
2275566,  1215.0,   312.2,   464.0, 32768.0, ...
2275568,  1215.0,   312.5,   464.0, 32768.0, ...
2275570,  1214.9,   312.8,   464.0, 32768.0, ...
2275572,  1214.7,   313.1,   464.0, 32768.0, ...
2275574,  1214.5,   313.4,   465.0, 32768.0, ...
2275576,  1214.2,   313.5,   465.0, 32768.0, ...
2275578,  1214.1,   313.4,   466.0, 32768.0, ...
2275580,  1214.1,   313.2,   466.0, 32768.0, ...
2275582,  1214.0,   313.0,   467.0, 32768.0, ...
2275584,  1214.0,   312.8,   467.0, 32768.0, ...
2275586,  1214.0,   312.6,   467.0, 32768.0, ...
2275588,  1214.1,   312.6,   468.0, 32768.0, ...
2275590,  1214.0,   312.7,   468.0, 32768.0, ...
2275592,  1214.0,   312.9,   467.0, 32768.0, ...
2275594,  1213.9,   313.1,   467.0, 32768.0, ...
2275596,  1213.7,   313.4,   467.0, 32768.0, ...
2275598,  1213.6,   314.1,   467.0, 32768.0, ...
2275600,  1213.5,   314.7,   466.0, 32768.0, ...
2275602,  1213.3,   315.4,   466.0, 32768.0, ...
2275604,  1213.1,   315.9,   466.0, 32768.0, ...
2275606,  1212.8,   315.8,   466.0, 32768.0, ...
2275608,  1212.7,   315.8,   466.0, 32768.0, ...
2275610,  1212.5,   315.7,   466.0, 32768.0, ...
2275612,  1212.3,   315.3,   466.0, 32768.0, ...
2275614,  1212.1,   314.9,   466.0, 32768.0, ...
2275616,  1212.0,   314.4,   466.0, 32768.0, ...
2275618,  1211.9,   314.0,   466.0, 32768.0, ...
2275620,  1211.9,   314.1,   467.0, 32768.0, ...
2275622,  1212.0,   314.2,   467.0, 32768.0, ...
2275624,  1212.2,   314.3,   467.0, 32768.0, ...
2275626,  1212.4,   314.4,   467.0, 32768.0, ...
2275628,  1212.6,   314.4,   467.0, 32768.0, ...
2275630,  1212.8,   314.4,   467.0, 32768.0, ...
2275632,  1213.0,   314.6,   466.0, 32768.0, ...
2275634,  1213.2,   314.7,   466.0, 32768.0, ...
2275636,  1213.3,   314.9,   466.0, 32768.0, ...
2275638,  1213.2,   315.1,   466.0, 32768.0, ...
2275640,  1213.2,   315.4,   466.0, 32768.0, ...
2275642,  1213.2,   315.6,   466.0, 32768.0, ...
2275644,  1213.2,   315.9,   467.0, 32768.0, ...
2275646,  1213.1,   316.1,   467.0, 32768.0, ...
2275648,  1213.1,   316.3,   467.0, 32768.0, ...
2275650,  1213.1,   316.6,   468.0, 32768.0, ...
2275652,  1213.1,   317.0,   468.0, 32768.0, ...
2275654,  1213.1,   317.5,   468.0, 32768.0, ...
2275656,  1213.0,   317.9,   469.0, 32768.0, ...
2275658,  1212.9,   318.0,   468.0, 32768.0, ...
2275660,  1212.8,   318.1,   468.0, 32768.0, ...
2275662,  1212.7,   318.2,   468.0, 32768.0, ...
2275664,  1212.6,   317.7,   467.0, 32768.0, ...
2275666,  1212.5,   316.8,   467.0, 32768.0, ...
2275668,  1212.2,   316.0,   467.0, 32768.0, ...
2275670,  1212.0,   315.3,   466.0, 32768.0, ...
2275672,  1211.8,   314.8,   466.0, 32768.0, ...
2275674,  1211.5,   314.4,   467.0, 32768.0, ...
2275676,  1211.7,   314.0,   467.0, 32768.0, ...
2275678,  1211.9,   314.5,   467.0, 32768.0, ...
2275680,  1212.1,   315.1,   468.0, 32768.0, ...
2275682,  1212.3,   315.6,   468.0, 32768.0, ...
2275684,  1212.4,   316.1,   469.0, 32768.0, ...
2275686,  1212.3,   316.4,   469.0, 32768.0, ...
2275688,  1212.3,   316.5,   470.0, 32768.0, ...
2275690,  1211.8,   316.6,   471.0, 32768.0, ...
2275692,  1211.2,   316.3,   471.0, 32768.0, ...
2275694,  1210.5,   316.1,   471.0, 32768.0, ...
2275696,  1210.0,   316.0,   472.0, 32768.0, ...
2275698,  1209.6,   315.9,   472.0, 32768.0, ...
2275700,  1209.4,   316.1,   472.0, 32768.0, ...
2275702,  1209.2,   316.3,   471.0, 32768.0, ...
2275704,  1209.0,   316.4,   471.0, 32768.0, ...
2275706,  1209.1,   316.4,   471.0, 32768.0, ...
2275708,  1209.1,   316.2,   471.0, 32768.0, ...
2275710,  1209.2,   315.9,   471.0, 32768.0, ...
2275712,  1209.4,   315.7,   471.0, 32768.0, ...
2275714,  1210.1,   315.4,   471.0, 32768.0, ...
2275716,  1210.7,   315.2,   470.0, 32768.0, ...
2275718,  1211.2,   315.1,   470.0, 32768.0, ...
2275720,  1211.6,   314.9,   470.0, 32768.0, ...
2275722,  1212.0,   314.8,   470.0, 32768.0, ...
2275724,  1212.2,   314.8,   470.0, 32768.0, ...
2275726,  1212.3,   314.8,   469.0, 32768.0, ...
2275728,  1212.0,   314.7,   469.0, 32768.0, ...
2275730,  1211.7,   314.7,   469.0, 32768.0, ...
2275732,  1211.6,   314.6,   469.0, 32768.0, ...
2275734,  1211.5,   314.5,   469.0, 32768.0, ...
2275736,  1211.3,   314.4,   469.0, 32768.0, ...
2275738,  1211.3,   314.2,   469.0, 32768.0, ...
2275740,  1211.2,   314.0,   469.0, 32768.0, ...
2275742,  1211.2,   313.7,   469.0, 32768.0, ...
2275744,  1211.2,   313.5,   469.0, 32768.0, ...
2275746,  1211.2,   313.3,   468.0, 32768.0, ...
2275748,  1211.2,   313.3,   468.0, 32768.0, ...
2275750,  1211.4,   313.3,   468.0, 32768.0, ...
2275752,  1211.5,   313.4,   468.0, 32768.0, ...
2275754,  1211.7,   313.7,   468.0, 32768.0, ...
2275756,  1211.8,   314.2,   468.0, 32768.0, ...
2275758,  1211.9,   314.6,   469.0, 32768.0, ...
2275760,  1212.0,   314.8,   469.0, 32768.0, ...
2275762,  1212.1,   315.0,   469.0, 32768.0, ...
2275764,  1212.1,   315.2,   469.0, 32768.0, ...
2275766,  1212.1,   315.3,   470.0, 32768.0, ...
2275768,  1212.1,   315.4,   469.0, 32768.0, ...
2275770,  1212.1,   315.2,   468.0, 32768.0, ...
2275772,  1212.1,   315.0,   468.0, 32768.0, ...
2275774,  1212.2,   314.9,   467.0, 32768.0, ...
2275776,  1212.2,   315.0,   467.0, 32768.0, ...
2275778,  1212.4,   315.1,   466.0, 32768.0, ...
2275780,  1212.8,   315.6,   466.0, 32768.0, ...
2275782,  1213.2,   316.2,   467.0, 32768.0, ...
2275784,  1213.6,   317.0,   467.0, 32768.0, ...
2275786,  1213.9,   317.8,   468.0, 32768.0, ...
2275788,  1213.7,   318.6,   469.0, 32768.0, ...
2275790,  1213.6,   319.1,   470.0, 32768.0, ...
2275792,  1213.4,   319.5,   471.0, 32768.0, ...
2275794,  1212.8,   319.5,   471.0, 32768.0, ...
2275796,  1212.3,   319.6,   472.0, 32768.0, ...
2275798,  1212.0,   319.5,   472.0, 32768.0, ...
2275800,  1211.6,   319.5,   472.0, 32768.0, ...
2275802,  1211.5,   319.4,   472.0, 32768.0, ...
2275804,  1211.2,   319.4,   471.0, 32768.0, ...
2275806,  1210.9,   319.5,   471.0, 32768.0, ...
2275808,  1210.6,   319.5,   471.0, 32768.0, ...
2275810,  1210.8,   319.5,   471.0, 32768.0, ...
2275812,  1211.1,   319.7,   471.0, 32768.0, ...
2275814,  1211.4,   319.9,   471.0, 32768.0, ...
2275816,  1211.8,   320.3,   470.0, 32768.0, ...
2275818,  1212.2,   320.5,   470.0, 32768.0, ...
2275820,  1212.6,   320.7,   470.0, 32768.0, ...
2275822,  1213.0,   320.9,   470.0, 32768.0, ...
2275824,  1212.8,   321.2,   471.0, 32768.0, ...
2275826,  1212.6,   321.2,   471.0, 32768.0, ...
2275828,  1212.4,   321.2,   471.0, 32768.0, ...
2275830,  1212.2,   320.8,   471.0, 32768.0, ...
2275832,  1212.2,   320.4,   471.0, 32768.0, ...
2275834,  1212.3,   320.2,   471.0, 32768.0, ...
2275836,  1212.3,   320.0,   471.0, 32768.0, ...
2275838,  1212.2,   320.0,   471.0, 32768.0, ...
2275840,  1212.0,   320.0,   471.0, 32768.0, ...
2275842,  1211.7,   320.0,   471.0, 32768.0, ...
2275844,  1211.4,   320.3,   471.0, 32768.0, ...
2275846,  1211.0,   320.7,   471.0, 32768.0, ...
2275848,  1210.6,   320.9,   472.0, 32768.0, ...
2275850,  1210.3,   320.9,   472.0, 32768.0, ...
2275852,  1210.2,   320.1,   472.0, 32768.0, ...
2275854,  1210.4,   319.4,   472.0, 32768.0, ...
2275856,  1210.5,   318.4,   472.0, 32768.0, ...
2275858,  1210.7,   317.3,   471.0, 32768.0, ...
2275860,  1211.0,   316.1,   470.0, 32768.0, ...
2275862,  1211.2,   315.0,   469.0, 32768.0, ...
2275864,  1211.3,   314.0,   469.0, 32768.0, ...
2275866,  1211.4,   313.4,   468.0, 32768.0, ...
2275868,  1211.3,   312.9,   467.0, 32768.0, ...
2275870,  1211.2,   312.7,   467.0, 32768.0, ...
2275872,  1210.9,   312.9,   467.0, 32768.0, ...
2275874,  1210.7,   313.4,   468.0, 32768.0, ...
2275876,  1210.6,   314.0,   468.0, 32768.0, ...
2275878,  1210.3,   314.8,   468.0, 32768.0, ...
2275880,  1210.0,   315.5,   468.0, 32768.0, ...
2275882,  1209.7,   316.3,   468.0, 32768.0, ...
2275884,  1209.9,   317.1,   468.0, 32768.0, ...
2275886,  1210.1,   317.4,   468.0, 32768.0, ...
2275888,  1210.1,   317.4,   467.0, 32768.0, ...
2275890,  1210.1,   317.4,   467.0, 32768.0, ...
2275892,  1210.2,   317.3,   467.0, 32768.0, ...
2275894,  1210.3,   317.1,   467.0, 32768.0, ...
2275896,  1210.4,   316.9,   468.0, 32768.0, ...
2275898,  1210.0,   316.5,   468.0, 32768.0, ...
2275900,  1209.7,   315.4,   468.0, 32768.0, ...
2275902,  1209.8,   314.3,   468.0, 32768.0, ...
2275904,  1210.0,   313.2,   467.0, 32768.0, ...
2275906,  1210.1,   312.0,   467.0, 32768.0, ...
2275908,  1210.2,   311.0,   466.0, 32768.0, ...
2275910,  1209.9,   310.0,   466.0, 32768.0, ...
2275912,  1209.5,   309.2,   465.0, 32768.0, ...
2275914,  1209.2,   309.6,   465.0, 32768.0, ...
2275916,  1208.7,   310.1,   465.0, 32768.0, ...
2275918,  1208.5,   310.6,   465.0, 32768.0, ...
2275920,  1208.4,   311.2,   465.0, 32768.0, ...
2275922,  1208.4,   312.0,   466.0, 32768.0, ...
2275924,  1209.6,   313.0,   466.0, 32768.0, ...
2275926,  1210.7,   314.6,   466.0, 32768.0, ...
2275928,  1211.8,   315.8,   466.0, 32768.0, ...
2275930,  1212.8,   316.9,   467.0, 32768.0, ...
2275932,  1213.4,   317.9,   467.0, 32768.0, ...
2275934,  1213.8,   319.0,   467.0, 32768.0, ...
2275936,  1214.2,   319.8,   467.0, 32768.0, ...
2275938,  1213.9,   320.5,   467.0, 32768.0, ...
2275940,  1213.1,   320.7,   467.0, 32768.0, ...
2275942,  1212.4,   320.9,   467.0, 32768.0, ...
2275944,  1211.8,   321.1,   467.0, 32768.0, ...
2275946,  1211.3,   321.6,   467.0, 32768.0, ...
2275948,  1210.9,   322.0,   467.0, 32768.0, ...
2275950,  1210.7,   322.4,   467.0, 32768.0, ...
2275952,  1210.5,   322.7,   467.0, 32768.0, ...
2275954,  1210.6,   322.9,   467.0, 32768.0, ...
2275956,  1210.8,   323.2,   467.0, 32768.0, ...
2275958,  1211.0,   323.4,   467.0, 32768.0, ...
2275960,  1211.2,   324.2,   467.0, 32768.0, ...
2275962,  1211.4,   324.9,   467.0, 32768.0, ...
2275964,  1211.4,   325.7,   467.0, 32768.0, ...
2275966,  1211.5,   326.1,   468.0, 32768.0, ...
2275968,  1211.9,   326.5,   468.0, 32768.0, ...
2275970,  1212.3,   326.8,   468.0, 32768.0, ...
2275972,  1212.6,   327.0,   468.0, 32768.0, ...
2275974,  1212.8,   326.5,   468.0, 32768.0, ...
2275976,  1212.9,   325.4,   468.0, 32768.0, ...
2275978,  1212.9,   324.2,   468.0, 32768.0, ...
2275980,  1212.9,   323.5,   468.0, 32768.0, ...
2275982,  1212.7,   322.8,   467.0, 32768.0, ...
2275984,  1212.5,   322.3,   467.0, 32768.0, ...
2275986,  1212.4,   321.8,   467.0, 32768.0, ...
2275988,  1212.5,   321.5,   467.0, 32768.0, ...
2275990,  1212.8,   321.8,   467.0, 32768.0, ...
2275992,  1213.1,   322.2,   467.0, 32768.0, ...
2275994,  1213.3,   322.5,   466.0, 32768.0, ...
2275996,  1213.6,   322.7,   466.0, 32768.0, ...
2275998,  1213.9,   322.9,   466.0, 32768.0, ...
2276000,  1214.1,   323.5,   466.0, 32768.0, ...
2276002,  1214.2,   324.0,   466.0, 32768.0, ...
2276004,  1214.4,   324.5,   467.0, 32768.0, ...
2276006,  1214.4,   324.8,   467.0, 32768.0, ...
2276008,  1214.5,   325.1,   467.0, 32768.0, ...
2276010,  1214.5,   325.2,   468.0, 32768.0, ...
2276012,  1214.5,   325.2,   468.0, 32768.0, ...
2276014,  1214.5,   324.8,   469.0, 32768.0, ...
2276016,  1214.4,   324.3,   468.0, 32768.0, ...
2276018,  1214.2,   323.8,   468.0, 32768.0, ...
2276020,  1213.8,   323.0,   468.0, 32768.0, ...
2276022,  1213.4,   322.3,   467.0, 32768.0, ...
2276024,  1213.0,   321.9,   467.0, 32768.0, ...
2276026,  1212.6,   321.9,   466.0, 32768.0, ...
2276028,  1212.2,   321.9,   466.0, 32768.0, ...
2276030,  1211.9,   322.0,   466.0, 32768.0, ...
2276032,  1211.7,   322.1,   465.0, 32768.0, ...
2276034,  1212.0,   322.5,   465.0, 32768.0, ...
2276036,  1212.3,   322.7,   464.0, 32768.0, ...
2276038,  1212.7,   322.9,   464.0, 32768.0, ...
2276040,  1213.2,   322.6,   464.0, 32768.0, ...
2276042,  1213.8,   322.2,   464.0, 32768.0, ...
2276044,  1214.3,   321.8,   463.0, 32768.0, ...
2276046,  1214.5,   321.5,   464.0, 32768.0, ...
2276048,  1214.6,   321.2,   464.0, 32768.0, ...
2276050,  1214.7,   321.1,   463.0, 32768.0, ...
2276052,  1215.0,   321.0,   463.0, 32768.0, ...
2276054,  1215.1,   320.9,   463.0, 32768.0, ...
2276056,  1215.3,   321.0,   463.0, 32768.0, ...
2276058,  1215.4,   321.2,   463.0, 32768.0, ...
2276060,  1215.7,   321.6,   464.0, 32768.0, ...
2276062,  1215.9,   322.0,   464.0, 32768.0, ...
2276064,  1216.0,   322.2,   464.0, 32768.0, ...
2276066,  1215.8,   322.3,   465.0, 32768.0, ...
2276068,  1215.6,   322.1,   464.0, 32768.0, ...
2276070,  1215.3,   321.7,   464.0, 32768.0, ...
2276072,  1215.1,   321.3,   464.0, 32768.0, ...
2276074,  1214.7,   320.6,   463.0, 32768.0, ...
2276076,  1214.1,   319.8,   463.0, 32768.0, ...
2276078,  1213.5,   319.2,   462.0, 32768.0, ...
2276080,  1212.9,   318.7,   462.0, 32768.0, ...
2276082,  1212.4,   318.6,   462.0, 32768.0, ...
2276084,  1212.0,   318.7,   461.0, 32768.0, ...
2276086,  1211.5,   318.8,   461.0, 32768.0, ...
2276088,  1211.3,   319.0,   462.0, 32768.0, ...
2276090,  1211.5,   319.2,   462.0, 32768.0, ...
2276092,  1211.7,   319.4,   462.0, 32768.0, ...
2276094,  1211.9,   319.5,   462.0, 32768.0, ...
2276096,  1212.2,   319.7,   462.0, 32768.0, ...
2276098,  1212.5,   319.8,   462.0, 32768.0, ...
2276100,  1212.9,   320.0,   462.0, 32768.0, ...
2276102,  1213.1,   320.4,   462.0, 32768.0, ...
2276104,  1213.2,   320.9,   462.0, 32768.0, ...
2276106,  1213.3,   321.4,   462.0, 32768.0, ...
2276108,  1213.3,   321.8,   462.0, 32768.0, ...
2276110,  1213.2,   322.2,   461.0, 32768.0, ...
2276112,  1213.1,   322.5,   461.0, 32768.0, ...
2276114,  1213.0,   322.9,   461.0, 32768.0, ...
2276116,  1212.9,   323.1,   462.0, 32768.0, ...
2276118,  1213.0,   323.3,   462.0, 32768.0, ...
2276120,  1213.1,   323.6,   463.0, 32768.0, ...
2276122,  1213.2,   324.0,   463.0, 32768.0, ...
2276124,  1213.4,   324.3,   464.0, 32768.0, ...
2276126,  1213.6,   324.7,   465.0, 32768.0, ...
2276128,  1213.8,   325.0,   466.0, 32768.0, ...
2276130,  1214.0,   325.1,   466.0, 32768.0, ...
2276132,  1214.2,   325.1,   466.0, 32768.0, ...
2276134,  1214.3,   324.9,   467.0, 32768.0, ...
2276136,  1214.2,   324.7,   467.0, 32768.0, ...
2276138,  1214.0,   324.4,   467.0, 32768.0, ...
2276140,  1213.8,   324.0,   466.0, 32768.0, ...
2276142,  1213.6,   323.6,   465.0, 32768.0, ...
2276144,  1213.3,   323.0,   464.0, 32768.0, ...
2276146,  1213.1,   322.1,   463.0, 32768.0, ...
2276148,  1212.9,   321.1,   462.0, 32768.0, ...
2276150,  1212.9,   319.9,   461.0, 32768.0, ...
2276152,  1212.6,   318.8,   460.0, 32768.0, ...
2276154,  1212.3,   317.7,   459.0, 32768.0, ...
2276156,  1212.1,   316.8,   459.0, 32768.0, ...
2276158,  1211.9,   316.4,   458.0, 32768.0, ...
2276160,  1211.8,   316.4,   458.0, 32768.0, ...
2276162,  1211.9,   316.8,   459.0, 32768.0, ...
2276164,  1212.0,   318.0,   459.0, 32768.0, ...
2276166,  1212.4,   319.3,   459.0, 32768.0, ...
2276168,  1212.8,   320.5,   460.0, 32768.0, ...
2276170,  1213.2,   321.6,   460.0, 32768.0, ...
2276172,  1213.5,   322.7,   461.0, 32768.0, ...
2276174,  1213.6,   323.9,   461.0, 32768.0, ...
2276176,  1213.5,   324.7,   461.0, 32768.0, ...
2276178,  1213.3,   324.9,   461.0, 32768.0, ...
2276180,  1213.2,   324.5,   461.0, 32768.0, ...
2276182,  1213.1,   324.3,   462.0, 32768.0, ...
2276184,  1213.1,   323.0,   462.0, 32768.0, ...
2276186,  1213.2,   321.5,   462.0, 32768.0, ...
2276188,  1213.5,   319.0,   462.0, 32768.0, ...
2276190,  1213.8,   316.5,   462.0, 32768.0, ...
2276192,  1214.1,   313.4,   462.0, 32768.0, ...
2276194,  1214.5,   310.8,   461.0, 32768.0, ...
2276196,  1214.7,   308.2,   461.0, 32768.0, ...
2276198,  1214.9,   306.6,   461.0, 32768.0, ...
2276200,  1214.9,   305.0,   462.0, 32768.0, ...
2276202,  1215.0,   304.3,   462.0, 32768.0, ...
2276204,  1215.1,   303.7,   462.0, 32768.0, ...
2276206,  1215.7,   303.4,   462.0, 32768.0, ...
2276208,  1216.2,   303.0,   462.0, 32768.0, ...
2276210,  1216.8,   302.6,   462.0, 32768.0, ...
2276212,  1217.3,   302.2,   462.0, 32768.0, ...
2276214,  1217.7,   301.7,   462.0, 32768.0, ...
2276216,  1217.3,   301.3,   462.0, 32768.0, ...
2276218,  1216.7,   300.8,   461.0, 32768.0, ...
2276220,  1215.6,   300.9,   461.0, 32768.0, ...
2276222,  1214.6,   300.9,   461.0, 32768.0, ...
2276224,  1213.6,   301.0,   460.0, 32768.0, ...
2276226,  1212.8,   301.1,   460.0, 32768.0, ...
2276228,  1212.4,   301.3,   460.0, 32768.0, ...
2276230,  1212.8,   301.6,   460.0, 32768.0, ...
2276232,  1213.2,   301.9,   460.0, 32768.0, ...
2276234,  1213.7,   302.1,   461.0, 32768.0, ...
2276236,  1214.2,   302.3,   461.0, 32768.0, ...
2276238,  1214.6,   302.5,   462.0, 32768.0, ...
2276240,  1214.9,   302.7,   462.0, 32768.0, ...
2276242,  1215.0,   303.0,   462.0, 32768.0, ...
2276244,  1214.9,   303.2,   463.0, 32768.0, ...
2276246,  1214.4,   303.3,   463.0, 32768.0, ...
2276248,  1213.8,   303.4,   463.0, 32768.0, ...
2276250,  1213.2,   303.4,   463.0, 32768.0, ...
2276252,  1212.7,   303.0,   463.0, 32768.0, ...
2276254,  1212.2,   302.4,   463.0, 32768.0, ...
2276256,  1211.7,   301.8,   463.0, 32768.0, ...
2276258,  1211.7,   301.2,   463.0, 32768.0, ...
2276260,  1212.1,   300.7,   463.0, 32768.0, ...
2276262,  1212.5,   300.2,   463.0, 32768.0, ...
2276264,  1213.0,   299.8,   463.0, 32768.0, ...
2276266,  1213.4,   300.0,   463.0, 32768.0, ...
2276268,  1213.9,   300.5,   463.0, 32768.0, ...
2276270,  1214.3,   300.9,   463.0, 32768.0, ...
2276272,  1214.4,   301.4,   463.0, 32768.0, ...
2276274,  1214.5,   301.8,   463.0, 32768.0, ...
2276276,  1214.6,   302.2,   463.0, 32768.0, ...
2276278,  1214.6,   302.6,   463.0, 32768.0, ...
2276280,  1214.6,   302.6,   463.0, 32768.0, ...
2276282,  1214.5,   302.4,   463.0, 32768.0, ...
2276284,  1214.5,   302.2,   463.0, 32768.0, ...
2276286,  1214.4,   302.6,   463.0, 32768.0, ...
2276288,  1214.3,   303.0,   463.0, 32768.0, ...
2276290,  1214.1,   303.4,   463.0, 32768.0, ...
2276292,  1214.0,   303.8,   463.0, 32768.0, ...
2276294,  1214.4,   304.3,   463.0, 32768.0, ...
2276296,  1214.8,   304.7,   463.0, 32768.0, ...
2276298,  1215.3,   305.2,   463.0, 32768.0, ...
2276300,  1215.8,   305.1,   463.0, 32768.0, ...
2276302,  1216.3,   304.9,   463.0, 32768.0, ...
2276304,  1216.8,   304.7,   463.0, 32768.0, ...
2276306,  1217.1,   304.0,   463.0, 32768.0, ...
2276308,  1216.8,   303.4,   463.0, 32768.0, ...
2276310,  1216.5,   302.7,   463.0, 32768.0, ...
2276312,  1216.1,   302.9,   463.0, 32768.0, ...
2276314,  1215.6,   303.3,   463.0, 32768.0, ...
2276316,  1215.2,   303.7,   463.0, 32768.0, ...
2276318,  1214.9,   304.0,   463.0, 32768.0, ...
2276320,  1214.7,   304.4,   463.0, 32768.0, ...
2276322,  1214.5,   304.8,   463.0, 32768.0, ...
2276324,  1214.2,   305.2,   463.0, 32768.0, ...
2276326,  1213.8,   304.8,   463.0, 32768.0, ...
2276328,  1213.4,   304.0,   463.0, 32768.0, ...
2276330,  1213.1,   303.0,   462.0, 32768.0, ...
2276332,  1212.9,   302.1,   461.0, 32768.0, ...
2276334,  1212.7,   301.5,   461.0, 32768.0, ...
2276336,  1212.7,   300.9,   460.0, 32768.0, ...
2276338,  1212.7,   300.4,   460.0, 32768.0, ...
2276340,  1213.0,   300.0,   459.0, 32768.0, ...
2276342,  1213.3,   299.6,   459.0, 32768.0, ...
2276344,  1213.7,   299.7,   459.0, 32768.0, ...
2276346,  1214.1,   299.7,   459.0, 32768.0, ...
2276348,  1214.3,   299.7,   460.0, 32768.0, ...
2276350,  1214.6,   299.4,   460.0, 32768.0, ...
2276352,  1214.7,   299.2,   460.0, 32768.0, ...
2276354,  1214.7,   298.9,   460.0, 32768.0, ...
2276356,  1214.7,   298.6,   460.0, 32768.0, ...
2276358,  1214.7,   298.4,   459.0, 32768.0, ...
2276360,  1214.5,   298.3,   459.0, 32768.0, ...
2276362,  1214.3,   298.4,   459.0, 32768.0, ...
2276364,  1214.1,   298.7,   458.0, 32768.0, ...
2276366,  1214.0,   299.0,   458.0, 32768.0, ...
2276368,  1213.8,   299.2,   457.0, 32768.0, ...
2276370,  1213.4,   298.1,   457.0, 32768.0, ...
EFIX L   2275156, 2276370, 1216,  1213.2,   321.7,     464
SSACC L  2276372
2276372,  1213.0,   295.8,   457.0, 32768.0, ...
2276374,  1211.3,   292.0,   457.0, 32768.0, ...
2276376,  1209.3,   286.5,   457.0, 32768.0, ...
2276378,  1207.3,   279.9,   457.0, 32768.0, ...
2276380,  1204.5,   270.3,   457.0, 32768.0, ...
2276382,  1202.0,   259.5,   457.0, 32768.0, ...
2276384,  1199.5,   249.8,   456.0, 32768.0, ...
2276386,  1197.7,   241.0,   456.0, 32768.0, ...
2276388,  1197.7,   233.4,   456.0, 32768.0, ...
2276390,  1198.0,   227.6,   456.0, 32768.0, ...
2276392,  1198.2,   222.8,   456.0, 32768.0, ...
2276394,  1199.2,   221.0,   456.0, 32768.0, ...
ESACC L  2276372, 2276394, 24,  1213.0,   295.8,  1199.2,   221.0,    1.42,      91
SFIX L   2276396
2276396,  1200.1,   220.6,   456.0, 32768.0, ...
2276398,  1201.0,   220.2,   456.0, 32768.0, ...
2276400,  1201.4,   220.2,   456.0, 32768.0, ...
2276402,  1201.3,   220.2,   457.0, 32768.0, ...
2276404,  1201.3,   220.1,   457.0, 32768.0, ...
2276406,  1201.2,   220.1,   458.0, 32768.0, ...
2276408,  1201.2,   220.0,   458.0, 32768.0, ...
2276410,  1201.1,   219.9,   459.0, 32768.0, ...
2276412,  1201.0,   219.8,   459.0, 32768.0, ...
2276414,  1200.8,   219.6,   459.0, 32768.0, ...
2276416,  1200.6,   219.5,   460.0, 32768.0, ...
2276418,  1199.9,   219.4,   460.0, 32768.0, ...
2276420,  1199.2,   219.3,   460.0, 32768.0, ...
2276422,  1198.7,   219.1,   460.0, 32768.0, ...
2276424,  1198.4,   219.0,   460.0, 32768.0, ...
2276426,  1198.7,   218.8,   460.0, 32768.0, ...
2276428,  1198.9,   218.7,   460.0, 32768.0, ...
2276430,  1199.2,   218.5,   460.0, 32768.0, ...
2276432,  1200.0,   218.4,   459.0, 32768.0, ...
2276434,  1201.0,   218.3,   459.0, 32768.0, ...
2276436,  1201.8,   218.3,   458.0, 32768.0, ...
2276438,  1202.4,   218.2,   458.0, 32768.0, ...
2276440,  1202.6,   218.1,   457.0, 32768.0, ...
2276442,  1202.8,   218.0,   457.0, 32768.0, ...
2276444,  1202.9,   217.9,   457.0, 32768.0, ...
2276446,  1202.9,   217.7,   457.0, 32768.0, ...
2276448,  1202.9,   217.5,   456.0, 32768.0, ...
2276450,  1202.8,   217.3,   456.0, 32768.0, ...
2276452,  1202.4,   217.1,   456.0, 32768.0, ...
2276454,  1202.1,   217.0,   457.0, 32768.0, ...
2276456,  1201.8,   216.9,   457.0, 32768.0, ...
2276458,  1201.3,   216.9,   457.0, 32768.0, ...
2276460,  1200.8,   216.9,   457.0, 32768.0, ...
2276462,  1200.2,   216.8,   457.0, 32768.0, ...
2276464,  1199.6,   216.7,   457.0, 32768.0, ...
2276466,  1199.3,   216.5,   457.0, 32768.0, ...
2276468,  1199.0,   216.3,   457.0, 32768.0, ...
2276470,  1198.7,   216.1,   458.0, 32768.0, ...
2276472,  1198.6,   216.0,   458.0, 32768.0, ...
2276474,  1198.6,   215.9,   458.0, 32768.0, ...
2276476,  1199.4,   216.0,   458.0, 32768.0, ...
2276478,  1200.2,   216.1,   459.0, 32768.0, ...
2276480,  1201.0,   216.3,   459.0, 32768.0, ...
2276482,  1201.8,   216.4,   459.0, 32768.0, ...
2276484,  1202.6,   216.5,   458.0, 32768.0, ...
2276486,  1203.4,   216.6,   458.0, 32768.0, ...
2276488,  1204.3,   216.5,   458.0, 32768.0, ...
2276490,  1204.4,   216.4,   458.0, 32768.0, ...
2276492,  1204.5,   216.1,   458.0, 32768.0, ...
2276494,  1204.6,   216.2,   458.0, 32768.0, ...
2276496,  1204.6,   216.4,   458.0, 32768.0, ...
2276498,  1204.5,   216.7,   458.0, 32768.0, ...
2276500,  1204.2,   217.0,   458.0, 32768.0, ...
2276502,  1203.9,   217.4,   457.0, 32768.0, ...
2276504,  1203.6,   217.8,   457.0, 32768.0, ...
2276506,  1203.2,   218.2,   457.0, 32768.0, ...
2276508,  1203.0,   218.2,   457.0, 32768.0, ...
2276510,  1202.7,   218.0,   456.0, 32768.0, ...
2276512,  1202.5,   217.8,   456.0, 32768.0, ...
2276514,  1202.4,   217.6,   456.0, 32768.0, ...
2276516,  1202.1,   217.3,   456.0, 32768.0, ...
2276518,  1201.8,   217.0,   456.0, 32768.0, ...
2276520,  1201.5,   216.7,   456.0, 32768.0, ...
2276522,  1201.2,   216.5,   456.0, 32768.0, ...
2276524,  1201.0,   216.6,   456.0, 32768.0, ...
2276526,  1200.8,   216.6,   456.0, 32768.0, ...
2276528,  1200.7,   216.7,   456.0, 32768.0, ...
2276530,  1200.7,   216.7,   456.0, 32768.0, ...
2276532,  1201.2,   216.6,   456.0, 32768.0, ...
2276534,  1201.7,   216.5,   456.0, 32768.0, ...
2276536,  1202.1,   216.5,   456.0, 32768.0, ...
2276538,  1202.5,   216.3,   456.0, 32768.0, ...
2276540,  1202.8,   216.2,   456.0, 32768.0, ...
2276542,  1203.1,   216.3,   456.0, 32768.0, ...
2276544,  1203.4,   216.4,   456.0, 32768.0, ...
2276546,  1204.0,   216.7,   456.0, 32768.0, ...
2276548,  1204.5,   216.9,   456.0, 32768.0, ...
2276550,  1205.1,   217.1,   456.0, 32768.0, ...
2276552,  1205.6,   217.3,   456.0, 32768.0, ...
2276554,  1206.2,   217.5,   455.0, 32768.0, ...
2276556,  1206.7,   217.4,   455.0, 32768.0, ...
2276558,  1206.9,   217.3,   455.0, 32768.0, ...
2276560,  1206.4,   217.1,   455.0, 32768.0, ...
2276562,  1205.8,   216.9,   455.0, 32768.0, ...
2276564,  1205.3,   216.8,   455.0, 32768.0, ...
2276566,  1204.7,   216.6,   455.0, 32768.0, ...
2276568,  1203.7,   216.5,   456.0, 32768.0, ...
2276570,  1202.7,   216.4,   456.0, 32768.0, ...
2276572,  1202.1,   216.2,   456.0, 32768.0, ...
2276574,  1201.4,   216.1,   456.0, 32768.0, ...
2276576,  1200.8,   215.9,   457.0, 32768.0, ...
2276578,  1200.0,   215.7,   456.0, 32768.0, ...
2276580,  1199.2,   215.3,   456.0, 32768.0, ...
2276582,  1199.0,   214.8,   456.0, 32768.0, ...
2276584,  1199.0,   214.4,   456.0, 32768.0, ...
2276586,  1199.2,   214.2,   456.0, 32768.0, ...
2276588,  1199.6,   213.9,   456.0, 32768.0, ...
2276590,  1200.0,   213.7,   456.0, 32768.0, ...
2276592,  1200.6,   213.7,   456.0, 32768.0, ...
2276594,  1201.4,   214.1,   456.0, 32768.0, ...
2276596,  1202.1,   214.4,   457.0, 32768.0, ...
2276598,  1202.6,   214.7,   457.0, 32768.0, ...
2276600,  1202.8,   215.3,   457.0, 32768.0, ...
2276602,  1202.9,   215.9,   457.0, 32768.0, ...
2276604,  1203.1,   216.6,   457.0, 32768.0, ...
2276606,  1203.3,   217.0,   457.0, 32768.0, ...
2276608,  1203.3,   217.4,   457.0, 32768.0, ...
2276610,  1203.4,   217.6,   457.0, 32768.0, ...
2276612,  1202.6,   217.5,   457.0, 32768.0, ...
2276614,  1201.9,   217.2,   456.0, 32768.0, ...
2276616,  1201.1,   216.8,   456.0, 32768.0, ...
2276618,  1200.3,   216.3,   455.0, 32768.0, ...
2276620,  1199.4,   215.9,   455.0, 32768.0, ...
2276622,  1198.7,   215.6,   455.0, 32768.0, ...
2276624,  1198.4,   215.6,   454.0, 32768.0, ...
2276626,  1198.9,   215.9,   454.0, 32768.0, ...
2276628,  1199.4,   216.4,   454.0, 32768.0, ...
2276630,  1199.9,   217.0,   455.0, 32768.0, ...
2276632,  1200.4,   217.5,   455.0, 32768.0, ...
2276634,  1200.8,   217.9,   455.0, 32768.0, ...
2276636,  1201.1,   218.2,   455.0, 32768.0, ...
2276638,  1201.2,   218.3,   455.0, 32768.0, ...
2276640,  1201.3,   218.4,   454.0, 32768.0, ...
2276642,  1201.3,   218.1,   454.0, 32768.0, ...
2276644,  1201.4,   217.8,   453.0, 32768.0, ...
2276646,  1201.6,   217.2,   453.0, 32768.0, ...
2276648,  1201.8,   216.7,   453.0, 32768.0, ...
2276650,  1201.9,   216.3,   454.0, 32768.0, ...
2276652,  1201.9,   215.9,   454.0, 32768.0, ...
2276654,  1201.9,   215.5,   455.0, 32768.0, ...
2276656,  1201.9,   215.3,   455.0, 32768.0, ...
2276658,  1201.9,   215.0,   456.0, 32768.0, ...
2276660,  1201.7,   215.0,   456.0, 32768.0, ...
2276662,  1201.5,   215.1,   456.0, 32768.0, ...
2276664,  1201.3,   215.3,   455.0, 32768.0, ...
2276666,  1201.2,   215.4,   455.0, 32768.0, ...
2276668,  1201.1,   215.6,   455.0, 32768.0, ...
2276670,  1201.0,   215.8,   455.0, 32768.0, ...
2276672,  1200.9,   216.0,   455.0, 32768.0, ...
2276674,  1200.9,   216.2,   455.0, 32768.0, ...
2276676,  1200.9,   216.2,   455.0, 32768.0, ...
2276678,  1200.9,   216.2,   455.0, 32768.0, ...
2276680,  1201.0,   216.0,   454.0, 32768.0, ...
2276682,  1201.0,   215.8,   454.0, 32768.0, ...
2276684,  1201.1,   215.8,   454.0, 32768.0, ...
2276686,  1201.2,   215.7,   454.0, 32768.0, ...
2276688,  1201.3,   215.7,   454.0, 32768.0, ...
2276690,  1200.9,   215.7,   453.0, 32768.0, ...
2276692,  1200.4,   215.7,   453.0, 32768.0, ...
2276694,  1200.0,   215.9,   453.0, 32768.0, ...
2276696,  1199.4,   216.0,   452.0, 32768.0, ...
2276698,  1199.0,   216.3,   452.0, 32768.0, ...
2276700,  1198.6,   216.9,   452.0, 32768.0, ...
2276702,  1198.3,   217.6,   452.0, 32768.0, ...
2276704,  1198.6,   218.2,   452.0, 32768.0, ...
2276706,  1198.9,   218.8,   452.0, 32768.0, ...
2276708,  1199.2,   219.4,   452.0, 32768.0, ...
2276710,  1199.5,   219.8,   452.0, 32768.0, ...
2276712,  1199.6,   220.0,   452.0, 32768.0, ...
2276714,  1199.7,   219.9,   453.0, 32768.0, ...
2276716,  1199.7,   219.6,   453.0, 32768.0, ...
2276718,  1199.7,   219.3,   453.0, 32768.0, ...
2276720,  1199.8,   218.9,   452.0, 32768.0, ...
2276722,  1199.8,   218.6,   452.0, 32768.0, ...
2276724,  1199.8,   217.5,   452.0, 32768.0, ...
2276726,  1199.9,   216.5,   452.0, 32768.0, ...
2276728,  1199.9,   215.4,   452.0, 32768.0, ...
2276730,  1200.0,   215.1,   452.0, 32768.0, ...
2276732,  1200.1,   215.2,   452.0, 32768.0, ...
2276734,  1200.2,   215.5,   453.0, 32768.0, ...
2276736,  1200.4,   215.9,   453.0, 32768.0, ...
2276738,  1200.6,   217.2,   453.0, 32768.0, ...
2276740,  1200.8,   218.3,   453.0, 32768.0, ...
2276742,  1200.8,   219.4,   453.0, 32768.0, ...
2276744,  1200.5,   219.8,   453.0, 32768.0, ...
2276746,  1200.2,   219.8,   453.0, 32768.0, ...
2276748,  1199.8,   219.6,   453.0, 32768.0, ...
2276750,  1199.5,   219.4,   453.0, 32768.0, ...
2276752,  1199.2,   219.1,   453.0, 32768.0, ...
2276754,  1199.1,   219.0,   453.0, 32768.0, ...
2276756,  1199.2,   218.9,   453.0, 32768.0, ...
2276758,  1199.4,   218.8,   453.0, 32768.0, ...
2276760,  1199.5,   218.7,   453.0, 32768.0, ...
2276762,  1199.3,   218.6,   453.0, 32768.0, ...
2276764,  1199.1,   218.6,   453.0, 32768.0, ...
2276766,  1198.8,   218.3,   453.0, 32768.0, ...
2276768,  1198.3,   218.1,   453.0, 32768.0, ...
2276770,  1197.7,   217.7,   452.0, 32768.0, ...
2276772,  1197.2,   217.2,   452.0, 32768.0, ...
2276774,  1196.9,   216.7,   452.0, 32768.0, ...
2276776,  1196.8,   216.3,   451.0, 32768.0, ...
2276778,  1196.8,   215.8,   451.0, 32768.0, ...
2276780,  1196.8,   215.4,   451.0, 32768.0, ...
2276782,  1197.0,   215.1,   451.0, 32768.0, ...
2276784,  1197.2,   215.7,   451.0, 32768.0, ...
2276786,  1197.5,   216.4,   451.0, 32768.0, ...
2276788,  1197.7,   217.2,   451.0, 32768.0, ...
2276790,  1197.8,   217.7,   451.0, 32768.0, ...
2276792,  1197.8,   218.0,   451.0, 32768.0, ...
2276794,  1197.6,   218.2,   451.0, 32768.0, ...
2276796,  1197.4,   218.5,   451.0, 32768.0, ...
2276798,  1197.1,   218.1,   450.0, 32768.0, ...
2276800,  1196.9,   217.6,   450.0, 32768.0, ...
2276802,  1196.8,   217.2,   450.0, 32768.0, ...
2276804,  1196.8,   217.0,   450.0, 32768.0, ...
2276806,  1196.9,   217.0,   450.0, 32768.0, ...
2276808,  1197.1,   217.1,   451.0, 32768.0, ...
2276810,  1197.3,   217.0,   451.0, 32768.0, ...
2276812,  1197.5,   217.0,   451.0, 32768.0, ...
2276814,  1197.6,   217.0,   451.0, 32768.0, ...
2276816,  1197.6,   217.1,   451.0, 32768.0, ...
2276818,  1197.7,   217.3,   451.0, 32768.0, ...
2276820,  1197.8,   217.5,   451.0, 32768.0, ...
2276822,  1197.8,   217.7,   451.0, 32768.0, ...
EFIX L   2276396, 2276822, 428,  1200.8,   217.1,     455
SSACC L  2276824
2276824,  1198.3,   219.7,   450.0, 32768.0, ...
2276826,  1199.9,   224.4,   450.0, 32768.0, ...
2276828,  1202.3,   230.9,   450.0, 32768.0, ...
2276830,  1206.0,   239.7,   450.0, 32768.0, ...
2276832,  1209.7,   251.8,   451.0, 32768.0, ...
2276834,  1214.2,   266.4,   451.0, 32768.0, ...
2276836,  1218.6,   282.0,   452.0, 32768.0, ...
2276838,  1222.5,   298.3,   452.0, 32768.0, ...
2276840,  1225.1,   312.8,   453.0, 32768.0, ...
2276842,  1226.9,   326.0,   453.0, 32768.0, ...
2276844,  1226.8,   338.0,   453.0, 32768.0, ...
2276846,  1225.5,   347.0,   452.0, 32768.0, ...
2276848,  1223.3,   355.1,   452.0, 32768.0, ...
2276850,  1220.9,   362.0,   451.0, 32768.0, ...
2276852,  1218.1,   366.8,   451.0, 32768.0, ...
ESACC L  2276824, 2276852, 30,  1198.3,   219.7,  1218.1,   366.8,    2.77,     144
SFIX L   2276854
2276854,  1215.4,   370.4,   451.0, 32768.0, ...
2276856,  1212.9,   373.2,   451.0, 32768.0, ...
2276858,  1211.0,   374.7,   451.0, 32768.0, ...
2276860,  1210.4,   375.9,   451.0, 32768.0, ...
2276862,  1209.8,   375.3,   450.0, 32768.0, ...
2276864,  1209.5,   374.7,   450.0, 32768.0, ...
2276866,  1209.4,   374.1,   450.0, 32768.0, ...
2276868,  1209.4,   374.2,   450.0, 32768.0, ...
2276870,  1209.4,   374.5,   449.0, 32768.0, ...
2276872,  1209.4,   375.0,   449.0, 32768.0, ...
2276874,  1209.2,   375.6,   448.0, 32768.0, ...
2276876,  1209.1,   376.4,   448.0, 32768.0, ...
2276878,  1209.1,   377.1,   448.0, 32768.0, ...
2276880,  1209.2,   377.6,   448.0, 32768.0, ...
2276882,  1209.2,   376.8,   448.0, 32768.0, ...
2276884,  1209.3,   376.0,   448.0, 32768.0, ...
2276886,  1209.2,   375.1,   448.0, 32768.0, ...
2276888,  1209.2,   374.2,   448.0, 32768.0, ...
2276890,  1209.1,   373.4,   448.0, 32768.0, ...
2276892,  1209.1,   373.0,   449.0, 32768.0, ...
2276894,  1209.1,   372.9,   449.0, 32768.0, ...
2276896,  1209.2,   373.5,   448.0, 32768.0, ...
2276898,  1209.3,   374.0,   448.0, 32768.0, ...
2276900,  1209.5,   374.4,   447.0, 32768.0, ...
2276902,  1209.3,   374.6,   447.0, 32768.0, ...
2276904,  1209.1,   374.8,   446.0, 32768.0, ...
2276906,  1208.7,   374.6,   445.0, 32768.0, ...
2276908,  1208.3,   374.5,   445.0, 32768.0, ...
2276910,  1207.7,   374.5,   445.0, 32768.0, ...
2276912,  1207.6,   374.5,   445.0, 32768.0, ...
2276914,  1207.6,   374.6,   445.0, 32768.0, ...
2276916,  1207.9,   374.8,   446.0, 32768.0, ...
2276918,  1208.2,   374.9,   446.0, 32768.0, ...
2276920,  1208.6,   374.9,   446.0, 32768.0, ...
2276922,  1208.9,   374.8,   446.0, 32768.0, ...
2276924,  1209.3,   374.6,   446.0, 32768.0, ...
2276926,  1209.1,   374.6,   446.0, 32768.0, ...
2276928,  1208.9,   374.7,   446.0, 32768.0, ...
2276930,  1208.6,   375.3,   446.0, 32768.0, ...
2276932,  1208.5,   376.1,   446.0, 32768.0, ...
2276934,  1208.4,   376.8,   446.0, 32768.0, ...
2276936,  1208.5,   377.7,   446.0, 32768.0, ...
2276938,  1208.5,   378.5,   446.0, 32768.0, ...
2276940,  1208.7,   379.1,   446.0, 32768.0, ...
2276942,  1208.8,   379.6,   447.0, 32768.0, ...
2276944,  1208.8,   379.3,   447.0, 32768.0, ...
2276946,  1208.8,   378.5,   447.0, 32768.0, ...
2276948,  1208.7,   377.5,   447.0, 32768.0, ...
2276950,  1208.5,   376.6,   448.0, 32768.0, ...
2276952,  1208.3,   375.7,   448.0, 32768.0, ...
2276954,  1208.2,   374.9,   448.0, 32768.0, ...
2276956,  1208.1,   374.3,   448.0, 32768.0, ...
2276958,  1208.4,   373.8,   448.0, 32768.0, ...
2276960,  1208.7,   373.9,   447.0, 32768.0, ...
2276962,  1209.0,   374.1,   447.0, 32768.0, ...
2276964,  1209.3,   374.2,   447.0, 32768.0, ...
2276966,  1209.7,   374.4,   446.0, 32768.0, ...
2276968,  1210.3,   374.5,   445.0, 32768.0, ...
2276970,  1210.8,   374.5,   444.0, 32768.0, ...
2276972,  1211.1,   374.5,   444.0, 32768.0, ...
2276974,  1211.3,   374.4,   444.0, 32768.0, ...
2276976,  1211.4,   373.5,   445.0, 32768.0, ...
2276978,  1211.4,   372.7,   445.0, 32768.0, ...
2276980,  1211.4,   371.8,   446.0, 32768.0, ...
2276982,  1211.1,   371.0,   447.0, 32768.0, ...
2276984,  1210.8,   370.3,   447.0, 32768.0, ...
2276986,  1210.4,   369.8,   446.0, 32768.0, ...
2276988,  1210.1,   369.2,   446.0, 32768.0, ...
2276990,  1209.9,   369.4,   445.0, 32768.0, ...
2276992,  1209.8,   369.7,   445.0, 32768.0, ...
2276994,  1209.7,   369.9,   444.0, 32768.0, ...
2276996,  1209.6,   370.2,   444.0, 32768.0, ...
2276998,  1209.4,   370.6,   444.0, 32768.0, ...
2277000,  1209.2,   370.8,   444.0, 32768.0, ...
2277002,  1209.0,   371.0,   445.0, 32768.0, ...
2277004,  1208.9,   371.3,   445.0, 32768.0, ...
2277006,  1208.6,   371.6,   445.0, 32768.0, ...
2277008,  1208.3,   371.8,   446.0, 32768.0, ...
2277010,  1208.0,   372.0,   446.0, 32768.0, ...
2277012,  1207.9,   372.2,   447.0, 32768.0, ...
2277014,  1207.8,   372.4,   447.0, 32768.0, ...
2277016,  1207.8,   372.7,   448.0, 32768.0, ...
2277018,  1208.0,   372.9,   448.0, 32768.0, ...
2277020,  1208.4,   373.1,   448.0, 32768.0, ...
2277022,  1208.8,   373.2,   447.0, 32768.0, ...
2277024,  1209.1,   372.9,   447.0, 32768.0, ...
2277026,  1209.5,   372.6,   447.0, 32768.0, ...
2277028,  1209.8,   372.2,   446.0, 32768.0, ...
2277030,  1210.1,   371.8,   446.0, 32768.0, ...
2277032,  1210.1,   371.6,   446.0, 32768.0, ...
2277034,  1210.0,   371.4,   446.0, 32768.0, ...
2277036,  1209.8,   371.2,   447.0, 32768.0, ...
2277038,  1209.5,   371.3,   447.0, 32768.0, ...
2277040,  1209.1,   371.5,   447.0, 32768.0, ...
2277042,  1208.7,   371.7,   447.0, 32768.0, ...
2277044,  1208.3,   371.8,   447.0, 32768.0, ...
2277046,  1208.0,   371.8,   447.0, 32768.0, ...
2277048,  1207.8,   372.0,   447.0, 32768.0, ...
2277050,  1207.9,   372.2,   447.0, 32768.0, ...
2277052,  1208.1,   372.4,   447.0, 32768.0, ...
2277054,  1208.2,   372.7,   447.0, 32768.0, ...
2277056,  1208.4,   373.0,   447.0, 32768.0, ...
2277058,  1208.6,   373.4,   447.0, 32768.0, ...
2277060,  1208.8,   373.7,   447.0, 32768.0, ...
2277062,  1209.2,   374.1,   447.0, 32768.0, ...
2277064,  1209.4,   374.2,   447.0, 32768.0, ...
2277066,  1209.6,   374.3,   447.0, 32768.0, ...
2277068,  1209.6,   373.9,   448.0, 32768.0, ...
2277070,  1209.4,   373.4,   448.0, 32768.0, ...
2277072,  1209.0,   372.8,   449.0, 32768.0, ...
2277074,  1208.6,   372.2,   449.0, 32768.0, ...
2277076,  1207.9,   371.6,   449.0, 32768.0, ...
2277078,  1207.2,   371.3,   449.0, 32768.0, ...
2277080,  1206.5,   371.4,   449.0, 32768.0, ...
2277082,  1206.0,   371.9,   448.0, 32768.0, ...
2277084,  1205.8,   372.3,   448.0, 32768.0, ...
2277086,  1205.8,   372.9,   448.0, 32768.0, ...
2277088,  1205.8,   373.4,   448.0, 32768.0, ...
2277090,  1205.8,   373.9,   448.0, 32768.0, ...
2277092,  1205.8,   374.3,   448.0, 32768.0, ...
2277094,  1205.8,   374.4,   448.0, 32768.0, ...
2277096,  1205.8,   374.5,   448.0, 32768.0, ...
2277098,  1205.7,   374.5,   448.0, 32768.0, ...
2277100,  1205.7,   374.3,   448.0, 32768.0, ...
2277102,  1205.5,   374.1,   447.0, 32768.0, ...
2277104,  1205.3,   373.9,   447.0, 32768.0, ...
2277106,  1205.1,   373.6,   447.0, 32768.0, ...
2277108,  1204.8,   373.4,   447.0, 32768.0, ...
2277110,  1204.5,   373.2,   447.0, 32768.0, ...
2277112,  1204.1,   373.0,   446.0, 32768.0, ...
2277114,  1203.7,   373.0,   446.0, 32768.0, ...
2277116,  1203.5,   373.0,   445.0, 32768.0, ...
2277118,  1203.4,   373.0,   445.0, 32768.0, ...
2277120,  1203.3,   373.1,   444.0, 32768.0, ...
2277122,  1203.3,   373.0,   443.0, 32768.0, ...
2277124,  1203.3,   373.0,   443.0, 32768.0, ...
2277126,  1203.3,   373.0,   443.0, 32768.0, ...
2277128,  1203.4,   373.0,   443.0, 32768.0, ...
2277130,  1203.5,   372.9,   443.0, 32768.0, ...
2277132,  1203.6,   372.8,   443.0, 32768.0, ...
2277134,  1203.6,   372.7,   444.0, 32768.0, ...
2277136,  1203.7,   372.5,   444.0, 32768.0, ...
2277138,  1203.7,   372.3,   444.0, 32768.0, ...
2277140,  1203.7,   372.1,   444.0, 32768.0, ...
2277142,  1203.7,   371.9,   444.0, 32768.0, ...
2277144,  1203.6,   371.7,   444.0, 32768.0, ...
2277146,  1203.2,   371.4,   443.0, 32768.0, ...
2277148,  1203.0,   371.3,   443.0, 32768.0, ...
2277150,  1202.9,   371.3,   443.0, 32768.0, ...
2277152,  1202.9,   371.5,   443.0, 32768.0, ...
2277154,  1202.9,   371.8,   443.0, 32768.0, ...
2277156,  1203.3,   372.0,   444.0, 32768.0, ...
2277158,  1203.6,   372.4,   444.0, 32768.0, ...
2277160,  1204.1,   373.0,   444.0, 32768.0, ...
2277162,  1204.5,   373.7,   444.0, 32768.0, ...
2277164,  1204.6,   374.2,   445.0, 32768.0, ...
2277166,  1204.6,   374.6,   445.0, 32768.0, ...
2277168,  1204.6,   374.9,   445.0, 32768.0, ...
2277170,  1204.2,   375.2,   445.0, 32768.0, ...
2277172,  1203.9,   375.4,   445.0, 32768.0, ...
2277174,  1203.7,   375.6,   444.0, 32768.0, ...
2277176,  1203.4,   376.3,   444.0, 32768.0, ...
2277178,  1203.5,   377.8,   444.0, 32768.0, ...
2277180,  1203.5,   379.4,   443.0, 32768.0, ...
EFIX L   2276854, 2277180, 328,  1207.6,   373.6,     446
SSACC L  2277182
2277182,  1203.6,   381.9,   443.0, 32768.0, ...
2277184,  1204.4,   386.1,   442.0, 32768.0, ...
2277186,  1205.1,   393.2,   442.0, 32768.0, ...
2277188,  1205.9,   400.9,   442.0, 32768.0, ...
2277190,  1206.6,   410.2,   442.0, 32768.0, ...
2277192,  1207.5,   419.8,   443.0, 32768.0, ...
2277194,  1208.3,   429.8,   443.0, 32768.0, ...
2277196,  1209.2,   439.4,   444.0, 32768.0, ...
2277198,  1209.4,   447.1,   445.0, 32768.0, ...
2277200,  1209.6,   451.8,   446.0, 32768.0, ...
2277202,  1209.7,   455.2,   448.0, 32768.0, ...
2277204,  1209.4,   456.3,   448.0, 32768.0, ...
ESACC L  2277182, 2277204, 24,  1203.6,   381.9,  1209.4,   456.3,    1.39,      88
SFIX L   2277206
2277206,  1208.8,   455.9,   449.0, 32768.0, ...
2277208,  1208.2,   455.3,   449.0, 32768.0, ...
2277210,  1207.8,   454.5,   449.0, 32768.0, ...
2277212,  1207.3,   454.4,   448.0, 32768.0, ...
2277214,  1207.0,   454.4,   447.0, 32768.0, ...
2277216,  1206.7,   455.0,   446.0, 32768.0, ...
2277218,  1206.7,   456.0,   446.0, 32768.0, ...
2277220,  1206.8,   457.1,   445.0, 32768.0, ...
2277222,  1206.4,   458.2,   445.0, 32768.0, ...
2277224,  1206.0,   459.0,   445.0, 32768.0, ...
2277226,  1205.6,   459.4,   445.0, 32768.0, ...
2277228,  1205.3,   459.5,   445.0, 32768.0, ...
2277230,  1205.0,   459.4,   445.0, 32768.0, ...
2277232,  1204.7,   458.5,   445.0, 32768.0, ...
2277234,  1204.6,   457.5,   445.0, 32768.0, ...
2277236,  1205.0,   456.4,   444.0, 32768.0, ...
2277238,  1205.3,   455.3,   443.0, 32768.0, ...
2277240,  1205.6,   454.3,   442.0, 32768.0, ...
2277242,  1205.8,   453.6,   442.0, 32768.0, ...
2277244,  1206.0,   453.2,   441.0, 32768.0, ...
2277246,  1206.1,   453.7,   441.0, 32768.0, ...
2277248,  1206.1,   454.2,   441.0, 32768.0, ...
2277250,  1206.1,   454.8,   441.0, 32768.0, ...
2277252,  1206.0,   455.3,   442.0, 32768.0, ...
2277254,  1205.9,   455.6,   442.0, 32768.0, ...
2277256,  1205.7,   455.8,   443.0, 32768.0, ...
2277258,  1205.5,   455.9,   443.0, 32768.0, ...
2277260,  1205.4,   455.7,   444.0, 32768.0, ...
2277262,  1205.3,   455.6,   444.0, 32768.0, ...
2277264,  1205.2,   455.6,   444.0, 32768.0, ...
2277266,  1205.2,   455.7,   445.0, 32768.0, ...
2277268,  1205.2,   455.8,   445.0, 32768.0, ...
2277270,  1205.3,   455.9,   446.0, 32768.0, ...
2277272,  1205.5,   456.3,   446.0, 32768.0, ...
2277274,  1205.7,   456.7,   446.0, 32768.0, ...
2277276,  1205.8,   456.9,   446.0, 32768.0, ...
2277278,  1205.7,   456.8,   445.0, 32768.0, ...
2277280,  1205.6,   456.7,   445.0, 32768.0, ...
2277282,  1205.5,   456.6,   444.0, 32768.0, ...
2277284,  1205.2,   456.8,   443.0, 32768.0, ...
2277286,  1204.8,   456.6,   442.0, 32768.0, ...
2277288,  1204.5,   456.5,   442.0, 32768.0, ...
2277290,  1204.3,   456.5,   442.0, 32768.0, ...
2277292,  1204.4,   456.9,   442.0, 32768.0, ...
2277294,  1204.8,   457.1,   442.0, 32768.0, ...
2277296,  1205.4,   457.4,   443.0, 32768.0, ...
2277298,  1205.8,   457.4,   444.0, 32768.0, ...
2277300,  1206.2,   457.5,   444.0, 32768.0, ...
2277302,  1206.4,   457.6,   444.0, 32768.0, ...
2277304,  1206.5,   457.6,   445.0, 32768.0, ...
2277306,  1206.5,   457.6,   445.0, 32768.0, ...
2277308,  1206.2,   457.6,   445.0, 32768.0, ...
2277310,  1205.8,   457.7,   445.0, 32768.0, ...
2277312,  1205.6,   457.9,   445.0, 32768.0, ...
2277314,  1205.7,   458.0,   444.0, 32768.0, ...
2277316,  1206.1,   458.1,   444.0, 32768.0, ...
2277318,  1206.4,   458.2,   444.0, 32768.0, ...
2277320,  1206.6,   458.2,   443.0, 32768.0, ...
2277322,  1206.8,   458.2,   443.0, 32768.0, ...
2277324,  1207.0,   458.1,   443.0, 32768.0, ...
2277326,  1207.1,   457.9,   443.0, 32768.0, ...
2277328,  1207.0,   457.7,   443.0, 32768.0, ...
2277330,  1206.9,   457.5,   443.0, 32768.0, ...
2277332,  1206.8,   457.4,   443.0, 32768.0, ...
2277334,  1206.8,   457.1,   443.0, 32768.0, ...
2277336,  1206.8,   456.9,   443.0, 32768.0, ...
2277338,  1206.9,   456.6,   443.0, 32768.0, ...
2277340,  1207.2,   456.3,   443.0, 32768.0, ...
2277342,  1207.4,   455.9,   443.0, 32768.0, ...
2277344,  1207.5,   455.7,   443.0, 32768.0, ...
2277346,  1207.6,   455.4,   443.0, 32768.0, ...
2277348,  1207.7,   455.5,   444.0, 32768.0, ...
2277350,  1207.7,   455.8,   444.0, 32768.0, ...
2277352,  1207.6,   456.2,   444.0, 32768.0, ...
2277354,  1207.4,   456.7,   445.0, 32768.0, ...
2277356,  1207.1,   457.7,   445.0, 32768.0, ...
2277358,  1206.9,   458.6,   446.0, 32768.0, ...
2277360,  1206.6,   459.5,   446.0, 32768.0, ...
2277362,  1206.4,   460.3,   447.0, 32768.0, ...
2277364,  1206.2,   461.0,   447.0, 32768.0, ...
2277366,  1206.1,   461.5,   447.0, 32768.0, ...
2277368,  1206.1,   461.9,   447.0, 32768.0, ...
2277370,  1206.1,   461.8,   447.0, 32768.0, ...
2277372,  1206.1,   461.4,   447.0, 32768.0, ...
2277374,  1206.1,   461.0,   447.0, 32768.0, ...
2277376,  1206.2,   460.5,   446.0, 32768.0, ...
2277378,  1206.3,   459.9,   446.0, 32768.0, ...
2277380,  1206.4,   459.5,   446.0, 32768.0, ...
2277382,  1206.5,   459.3,   446.0, 32768.0, ...
2277384,  1206.5,   459.2,   446.0, 32768.0, ...
2277386,  1206.5,   459.3,   446.0, 32768.0, ...
2277388,  1206.4,   459.3,   446.0, 32768.0, ...
2277390,  1206.3,   459.4,   446.0, 32768.0, ...
2277392,  1206.3,   459.3,   445.0, 32768.0, ...
2277394,  1206.1,   459.2,   445.0, 32768.0, ...
2277396,  1205.9,   458.9,   445.0, 32768.0, ...
2277398,  1205.5,   458.6,   445.0, 32768.0, ...
2277400,  1205.1,   458.4,   445.0, 32768.0, ...
2277402,  1204.8,   458.5,   445.0, 32768.0, ...
2277404,  1204.5,   458.7,   445.0, 32768.0, ...
2277406,  1204.2,   458.9,   445.0, 32768.0, ...
2277408,  1204.0,   459.2,   445.0, 32768.0, ...
2277410,  1203.8,   459.5,   445.0, 32768.0, ...
2277412,  1203.9,   459.8,   445.0, 32768.0, ...
2277414,  1203.9,   460.1,   446.0, 32768.0, ...
2277416,  1203.9,   460.3,   446.0, 32768.0, ...
2277418,  1203.9,   460.7,   447.0, 32768.0, ...
2277420,  1203.9,   461.1,   447.0, 32768.0, ...
2277422,  1203.9,   461.3,   447.0, 32768.0, ...
2277424,  1203.9,   461.5,   447.0, 32768.0, ...
2277426,  1203.9,   461.6,   446.0, 32768.0, ...
2277428,  1204.0,   461.8,   446.0, 32768.0, ...
2277430,  1204.1,   462.0,   446.0, 32768.0, ...
2277432,  1204.3,   461.9,   445.0, 32768.0, ...
2277434,  1204.6,   462.0,   445.0, 32768.0, ...
2277436,  1204.7,   462.1,   444.0, 32768.0, ...
2277438,  1204.9,   462.1,   444.0, 32768.0, ...
2277440,  1204.9,   462.0,   443.0, 32768.0, ...
2277442,  1205.0,   461.9,   443.0, 32768.0, ...
2277444,  1205.0,   461.9,   442.0, 32768.0, ...
2277446,  1204.8,   461.8,   442.0, 32768.0, ...
2277448,  1204.6,   461.7,   442.0, 32768.0, ...
2277450,  1204.4,   461.8,   442.0, 32768.0, ...
MSG, 2277452 _movie-bar-Filter-1
2277452,  1204.1,   461.9,   442.0, 32768.0, ...
